{
 "cells": [
  {
   "cell_type": "code",
   "execution_count": 45,
   "metadata": {},
   "outputs": [
    {
     "name": "stderr",
     "output_type": "stream",
     "text": [
      "/tmp/ipykernel_344401/3487744253.py:47: FutureWarning: DataFrame.applymap has been deprecated. Use DataFrame.map instead.\n",
      "  df = df.applymap(parse_complex_cell)\n"
     ]
    },
    {
     "name": "stdout",
     "output_type": "stream",
     "text": [
      "[[[nan, nan, nan, nan], [nan, nan, nan, nan], [nan, nan, nan, nan], [0.0, 0.0, 0.0, 1.0]], [[0.9596142, 0.00175518, 0.28129934, 139.24], [-0.00101626, 0.99999564, -0.00277242, 110.72], [-0.28130298, 0.00237454, 0.9596118, -1183.6], [0.0, 0.0, 0.0, 1.0]]]\n",
      "[[[nan, nan, nan, nan], [nan, nan, nan, nan], [nan, nan, nan, nan], [0.0, 0.0, 0.0, 1.0]], [[0.9596142, 0.00175518, 0.28129934, 139.24], [-0.00101626, 0.99999564, -0.00277242, 110.72], [-0.28130298, 0.00237454, 0.9596118, -1183.6], [0.0, 0.0, 0.0, 1.0]]]\n",
      "[[[nan, nan, nan, nan], [nan, nan, nan, nan], [nan, nan, nan, nan], [0.0, 0.0, 0.0, 1.0]], [[0.96012414, 0.00059514, 0.27955168, 139.12], [-0.00217658, 0.99998334, 0.00534576, 111.06], [-0.27954384, -0.00574112, 0.96010944, -1183.99], [0.0, 0.0, 0.0, 1.0]]]\n",
      "[[[nan, nan, nan, nan], [nan, nan, nan, nan], [nan, nan, nan, nan], [0.0, 0.0, 0.0, 1.0]], [[0.96012414, 0.00059514, 0.27955168, 139.12], [-0.00217658, 0.99998334, 0.00534576, 111.06], [-0.27954384, -0.00574112, 0.96010944, -1183.99], [0.0, 0.0, 0.0, 1.0]]]\n",
      "[[[nan, nan, nan, nan], [nan, nan, nan, nan], [nan, nan, nan, nan], [0.0, 0.0, 0.0, 1.0]], [[0.96079758, -0.000734, 0.27722288, 138.9], [-0.00509, 0.99978126, 0.020284, 111.7], [-0.27717712, -0.0209, 0.96058368, -1184.74], [0.0, 0.0, 0.0, 1.0]]]\n",
      "[[[nan, nan, nan, nan], [nan, nan, nan, nan], [nan, nan, nan, nan], [0.0, 0.0, 0.0, 1.0]], [[0.96079758, -0.000734, 0.27722288, 138.9], [-0.00509, 0.99978126, 0.020284, 111.7], [-0.27717712, -0.0209, 0.96058368, -1184.74], [0.0, 0.0, 0.0, 1.0]]]\n",
      "[[[nan, nan, nan, nan], [nan, nan, nan, nan], [nan, nan, nan, nan], [0.0, 0.0, 0.0, 1.0]], [[0.96079758, -0.000734, 0.27722288, 138.9], [-0.00509, 0.99978126, 0.020284, 111.7], [-0.27717712, -0.0209, 0.96058368, -1184.74], [0.0, 0.0, 0.0, 1.0]]]\n",
      "[[[nan, nan, nan, nan], [nan, nan, nan, nan], [nan, nan, nan, nan], [0.0, 0.0, 0.0, 1.0]], [[0.96079758, -0.000734, 0.27722288, 138.9], [-0.00509, 0.99978126, 0.020284, 111.7], [-0.27717712, -0.0209, 0.96058368, -1184.74], [0.0, 0.0, 0.0, 1.0]]]\n",
      "[[[nan, nan, nan, nan], [nan, nan, nan, nan], [nan, nan, nan, nan], [0.0, 0.0, 0.0, 1.0]], [[0.9616812, -0.00045944, 0.27416392, 138.64], [-0.0091732, 0.9993848, 0.03385, 112.8], [-0.2740108, -0.03506792, 0.96108536, -1185.59], [0.0, 0.0, 0.0, 1.0]]]\n",
      "[[[nan, nan, nan, nan], [nan, nan, nan, nan], [nan, nan, nan, nan], [0.0, 0.0, 0.0, 1.0]], [[0.9616812, -0.00045944, 0.27416392, 138.64], [-0.0091732, 0.9993848, 0.03385, 112.8], [-0.2740108, -0.03506792, 0.96108536, -1185.59], [0.0, 0.0, 0.0, 1.0]]]\n",
      "[[[nan, nan, nan, nan], [nan, nan, nan, nan], [nan, nan, nan, nan], [0.0, 0.0, 0.0, 1.0]], [[0.9622587, 0.0042112, 0.2720807, 138.55], [-0.01321808, 0.99942336, 0.0312736, 113.93], [-0.27179206, -0.03369008, 0.9617595, -1185.96], [0.0, 0.0, 0.0, 1.0]]]\n",
      "[[[nan, nan, nan, nan], [nan, nan, nan, nan], [nan, nan, nan, nan], [0.0, 0.0, 0.0, 1.0]], [[0.9622587, 0.0042112, 0.2720807, 138.55], [-0.01321808, 0.99942336, 0.0312736, 113.93], [-0.27179206, -0.03369008, 0.9617595, -1185.96], [0.0, 0.0, 0.0, 1.0]]]\n",
      "[[[nan, nan, nan, nan], [nan, nan, nan, nan], [nan, nan, nan, nan], [0.0, 0.0, 0.0, 1.0]], [[0.9622587, 0.0042112, 0.2720807, 138.55], [-0.01321808, 0.99942336, 0.0312736, 113.93], [-0.27179206, -0.03369008, 0.9617595, -1185.96], [0.0, 0.0, 0.0, 1.0]]]\n",
      "[[[nan, nan, nan, nan], [nan, nan, nan, nan], [nan, nan, nan, nan], [0.0, 0.0, 0.0, 1.0]], [[0.9622587, 0.0042112, 0.2720807, 138.55], [-0.01321808, 0.99942336, 0.0312736, 113.93], [-0.27179206, -0.03369008, 0.9617595, -1185.96], [0.0, 0.0, 0.0, 1.0]]]\n",
      "[[[nan, nan, nan, nan], [nan, nan, nan, nan], [nan, nan, nan, nan], [0.0, 0.0, 0.0, 1.0]], [[0.96191574, 0.01153702, 0.27308144, 138.58], [-0.01737974, 0.9996687, 0.01898248, 115.05], [-0.27277192, -0.02300624, 0.9617976, -1185.87], [0.0, 0.0, 0.0, 1.0]]]\n",
      "[[[nan, nan, nan, nan], [nan, nan, nan, nan], [nan, nan, nan, nan], [0.0, 0.0, 0.0, 1.0]], [[0.96191574, 0.01153702, 0.27308144, 138.58], [-0.01737974, 0.9996687, 0.01898248, 115.05], [-0.27277192, -0.02300624, 0.9617976, -1185.87], [0.0, 0.0, 0.0, 1.0]]]\n",
      "[[[nan, nan, nan, nan], [nan, nan, nan, nan], [nan, nan, nan, nan], [0.0, 0.0, 0.0, 1.0]], [[0.9619203, 0.0188336, 0.2726755, 138.61], [-0.02197088, 0.99972284, 0.008456, 116.18], [-0.27244066, -0.01412512, 0.9620675, -1185.84], [0.0, 0.0, 0.0, 1.0]]]\n",
      "[[[nan, nan, nan, nan], [nan, nan, nan, nan], [nan, nan, nan, nan], [0.0, 0.0, 0.0, 1.0]], [[0.9619203, 0.0188336, 0.2726755, 138.61], [-0.02197088, 0.99972284, 0.008456, 116.18], [-0.27244066, -0.01412512, 0.9620675, -1185.84], [0.0, 0.0, 0.0, 1.0]]]\n",
      "[[[nan, nan, nan, nan], [nan, nan, nan, nan], [nan, nan, nan, nan], [0.0, 0.0, 0.0, 1.0]], [[0.9619203, 0.0188336, 0.2726755, 138.61], [-0.02197088, 0.99972284, 0.008456, 116.18], [-0.27244066, -0.01412512, 0.9620675, -1185.84], [0.0, 0.0, 0.0, 1.0]]]\n",
      "[[[nan, nan, nan, nan], [nan, nan, nan, nan], [nan, nan, nan, nan], [0.0, 0.0, 0.0, 1.0]], [[0.9619203, 0.0188336, 0.2726755, 138.61], [-0.02197088, 0.99972284, 0.008456, 116.18], [-0.27244066, -0.01412512, 0.9620675, -1185.84], [0.0, 0.0, 0.0, 1.0]]]\n",
      "[[[nan, nan, nan, nan], [nan, nan, nan, nan], [nan, nan, nan, nan], [0.0, 0.0, 0.0, 1.0]], [[0.96165468, 0.02456444, 0.27314224, 138.64], [-0.02495056, 0.99968652, -0.00206108, 117.0], [-0.27310724, -0.00483392, 0.9619662, -1185.77], [0.0, 0.0, 0.0, 1.0]]]\n",
      "[[[nan, nan, nan, nan], [nan, nan, nan, nan], [nan, nan, nan, nan], [0.0, 0.0, 0.0, 1.0]], [[0.96165468, 0.02456444, 0.27314224, 138.64], [-0.02495056, 0.99968652, -0.00206108, 117.0], [-0.27310724, -0.00483392, 0.9619662, -1185.77], [0.0, 0.0, 0.0, 1.0]]]\n",
      "[[[nan, nan, nan, nan], [nan, nan, nan, nan], [nan, nan, nan, nan], [0.0, 0.0, 0.0, 1.0]], [[0.96134294, 0.02980894, 0.27371608, 138.69], [-0.02643442, 0.9995223, -0.01600816, 117.32], [-0.27406256, 0.00815272, 0.9616718, -1185.62], [0.0, 0.0, 0.0, 1.0]]]\n",
      "[[[nan, nan, nan, nan], [nan, nan, nan, nan], [nan, nan, nan, nan], [0.0, 0.0, 0.0, 1.0]], [[0.96134294, 0.02980894, 0.27371608, 138.69], [-0.02643442, 0.9995223, -0.01600816, 117.32], [-0.27406256, 0.00815272, 0.9616718, -1185.62], [0.0, 0.0, 0.0, 1.0]]]\n",
      "[[[nan, nan, nan, nan], [nan, nan, nan, nan], [nan, nan, nan, nan], [0.0, 0.0, 0.0, 1.0]], [[0.96134294, 0.02980894, 0.27371608, 138.69], [-0.02643442, 0.9995223, -0.01600816, 117.32], [-0.27406256, 0.00815272, 0.9616718, -1185.62], [0.0, 0.0, 0.0, 1.0]]]\n",
      "[[[nan, nan, nan, nan], [nan, nan, nan, nan], [nan, nan, nan, nan], [0.0, 0.0, 0.0, 1.0]], [[0.96134294, 0.02980894, 0.27371608, 138.69], [-0.02643442, 0.9995223, -0.01600816, 117.32], [-0.27406256, 0.00815272, 0.9616718, -1185.62], [0.0, 0.0, 0.0, 1.0]]]\n",
      "[[[nan, nan, nan, nan], [nan, nan, nan, nan], [nan, nan, nan, nan], [0.0, 0.0, 0.0, 1.0]], [[0.9610686, 0.03334078, 0.27427926, 138.75], [-0.02646126, 0.99923646, -0.02874322, 117.3], [-0.27502822, 0.02036574, 0.9612171, -1185.46], [0.0, 0.0, 0.0, 1.0]]]\n",
      "[[[nan, nan, nan, nan], [nan, nan, nan, nan], [nan, nan, nan, nan], [0.0, 0.0, 0.0, 1.0]], [[0.9610686, 0.03334078, 0.27427926, 138.75], [-0.02646126, 0.99923646, -0.02874322, 117.3], [-0.27502822, 0.02036574, 0.9612171, -1185.46], [0.0, 0.0, 0.0, 1.0]]]\n",
      "[[[nan, nan, nan, nan], [nan, nan, nan, nan], [nan, nan, nan, nan], [0.0, 0.0, 0.0, 1.0]], [[0.96085872, 0.0362046, 0.27466068, 138.77], [-0.0263634, 0.99887414, -0.0394384, 117.29], [-0.27577932, 0.0306536, 0.96073142, -1185.36], [0.0, 0.0, 0.0, 1.0]]]\n",
      "[[[nan, nan, nan, nan], [nan, nan, nan, nan], [nan, nan, nan, nan], [0.0, 0.0, 0.0, 1.0]], [[0.96085872, 0.0362046, 0.27466068, 138.77], [-0.0263634, 0.99887414, -0.0394384, 117.29], [-0.27577932, 0.0306536, 0.96073142, -1185.36], [0.0, 0.0, 0.0, 1.0]]]\n",
      "[[[nan, nan, nan, nan], [nan, nan, nan, nan], [nan, nan, nan, nan], [0.0, 0.0, 0.0, 1.0]], [[0.96085872, 0.0362046, 0.27466068, 138.77], [-0.0263634, 0.99887414, -0.0394384, 117.29], [-0.27577932, 0.0306536, 0.96073142, -1185.36], [0.0, 0.0, 0.0, 1.0]]]\n",
      "[[[nan, nan, nan, nan], [nan, nan, nan, nan], [nan, nan, nan, nan], [0.0, 0.0, 0.0, 1.0]], [[0.96085872, 0.0362046, 0.27466068, 138.77], [-0.0263634, 0.99887414, -0.0394384, 117.29], [-0.27577932, 0.0306536, 0.96073142, -1185.36], [0.0, 0.0, 0.0, 1.0]]]\n",
      "[[[nan, nan, nan, nan], [nan, nan, nan, nan], [nan, nan, nan, nan], [0.0, 0.0, 0.0, 1.0]], [[0.96155448, 0.03809412, 0.27192812, 138.62], [-0.02923268, 0.99890358, -0.03655962, 118.0], [-0.27302292, 0.02720282, 0.96161406, -1185.95], [0.0, 0.0, 0.0, 1.0]]]\n",
      "[[[nan, nan, nan, nan], [nan, nan, nan, nan], [nan, nan, nan, nan], [0.0, 0.0, 0.0, 1.0]], [[0.96155448, 0.03809412, 0.27192812, 138.62], [-0.02923268, 0.99890358, -0.03655962, 118.0], [-0.27302292, 0.02720282, 0.96161406, -1185.95], [0.0, 0.0, 0.0, 1.0]]]\n",
      "[[[nan, nan, nan, nan], [nan, nan, nan, nan], [nan, nan, nan, nan], [0.0, 0.0, 0.0, 1.0]], [[0.96250854, 0.03906674, 0.26841766, 138.35], [-0.03304166, 0.9990911, -0.02692858, 119.08], [-0.26922574, 0.01704962, 0.9629246, -1186.97], [0.0, 0.0, 0.0, 1.0]]]\n",
      "[[[nan, nan, nan, nan], [nan, nan, nan, nan], [nan, nan, nan, nan], [0.0, 0.0, 0.0, 1.0]], [[0.96250854, 0.03906674, 0.26841766, 138.35], [-0.03304166, 0.9990911, -0.02692858, 119.08], [-0.26922574, 0.01704962, 0.9629246, -1186.97], [0.0, 0.0, 0.0, 1.0]]]\n",
      "[[[nan, nan, nan, nan], [nan, nan, nan, nan], [nan, nan, nan, nan], [0.0, 0.0, 0.0, 1.0]], [[0.96250854, 0.03906674, 0.26841766, 138.35], [-0.03304166, 0.9990911, -0.02692858, 119.08], [-0.26922574, 0.01704962, 0.9629246, -1186.97], [0.0, 0.0, 0.0, 1.0]]]\n",
      "[[[nan, nan, nan, nan], [nan, nan, nan, nan], [nan, nan, nan, nan], [0.0, 0.0, 0.0, 1.0]], [[0.96250854, 0.03906674, 0.26841766, 138.35], [-0.03304166, 0.9990911, -0.02692858, 119.08], [-0.26922574, 0.01704962, 0.9629246, -1186.97], [0.0, 0.0, 0.0, 1.0]]]\n",
      "[[[nan, nan, nan, nan], [nan, nan, nan, nan], [nan, nan, nan, nan], [0.0, 0.0, 0.0, 1.0]], [[0.96344862, 0.04275658, 0.26444518, 138.13], [-0.03649942, 0.99892622, -0.02853038, 119.96], [-0.26538118, 0.01783438, 0.96397484, -1187.87], [0.0, 0.0, 0.0, 1.0]]]\n",
      "[[[nan, nan, nan, nan], [nan, nan, nan, nan], [nan, nan, nan, nan], [0.0, 0.0, 0.0, 1.0]], [[0.96344862, 0.04275658, 0.26444518, 138.13], [-0.03649942, 0.99892622, -0.02853038, 119.96], [-0.26538118, 0.01783438, 0.96397484, -1187.87], [0.0, 0.0, 0.0, 1.0]]]\n",
      "[[[nan, nan, nan, nan], [nan, nan, nan, nan], [nan, nan, nan, nan], [0.0, 0.0, 0.0, 1.0]], [[0.96391068, 0.04665536, 0.26208464, 137.94], [-0.04093136, 0.9987899, -0.02725778, 121.16], [-0.26303936, 0.01554478, 0.96465422, -1188.67], [0.0, 0.0, 0.0, 1.0]]]\n",
      "[[[nan, nan, nan, nan], [nan, nan, nan, nan], [nan, nan, nan, nan], [0.0, 0.0, 0.0, 1.0]], [[0.96391068, 0.04665536, 0.26208464, 137.94], [-0.04093136, 0.9987899, -0.02725778, 121.16], [-0.26303936, 0.01554478, 0.96465422, -1188.67], [0.0, 0.0, 0.0, 1.0]]]\n",
      "[[[nan, nan, nan, nan], [nan, nan, nan, nan], [nan, nan, nan, nan], [0.0, 0.0, 0.0, 1.0]], [[0.96391068, 0.04665536, 0.26208464, 137.94], [-0.04093136, 0.9987899, -0.02725778, 121.16], [-0.26303936, 0.01554478, 0.96465422, -1188.67], [0.0, 0.0, 0.0, 1.0]]]\n",
      "[[[nan, nan, nan, nan], [nan, nan, nan, nan], [nan, nan, nan, nan], [0.0, 0.0, 0.0, 1.0]], [[0.96391068, 0.04665536, 0.26208464, 137.94], [-0.04093136, 0.9987899, -0.02725778, 121.16], [-0.26303936, 0.01554478, 0.96465422, -1188.67], [0.0, 0.0, 0.0, 1.0]]]\n",
      "[[[nan, nan, nan, nan], [nan, nan, nan, nan], [nan, nan, nan, nan], [0.0, 0.0, 0.0, 1.0]], [[0.9640999, 0.05269836, 0.26023872, 137.93], [-0.04479636, 0.99833968, -0.03620364, 122.16], [-0.26171472, 0.02324436, 0.96486022, -1188.89], [0.0, 0.0, 0.0, 1.0]]]\n",
      "[[[nan, nan, nan, nan], [nan, nan, nan, nan], [nan, nan, nan, nan], [0.0, 0.0, 0.0, 1.0]], [[0.9640999, 0.05269836, 0.26023872, 137.93], [-0.04479636, 0.99833968, -0.03620364, 122.16], [-0.26171472, 0.02324436, 0.96486022, -1188.89], [0.0, 0.0, 0.0, 1.0]]]\n",
      "[[[nan, nan, nan, nan], [nan, nan, nan, nan], [nan, nan, nan, nan], [0.0, 0.0, 0.0, 1.0]], [[0.96425222, 0.05744132, 0.25866578, 137.89], [-0.04837612, 0.99797564, -0.04127708, 123.04], [-0.26051342, 0.02728628, 0.96507942, -1189.14], [0.0, 0.0, 0.0, 1.0]]]\n",
      "[[[nan, nan, nan, nan], [nan, nan, nan, nan], [nan, nan, nan, nan], [0.0, 0.0, 0.0, 1.0]], [[0.96425222, 0.05744132, 0.25866578, 137.89], [-0.04837612, 0.99797564, -0.04127708, 123.04], [-0.26051342, 0.02728628, 0.96507942, -1189.14], [0.0, 0.0, 0.0, 1.0]]]\n",
      "[[[nan, nan, nan, nan], [nan, nan, nan, nan], [nan, nan, nan, nan], [0.0, 0.0, 0.0, 1.0]], [[0.96425222, 0.05744132, 0.25866578, 137.89], [-0.04837612, 0.99797564, -0.04127708, 123.04], [-0.26051342, 0.02728628, 0.96507942, -1189.14], [0.0, 0.0, 0.0, 1.0]]]\n",
      "[[[nan, nan, nan, nan], [nan, nan, nan, nan], [nan, nan, nan, nan], [0.0, 0.0, 0.0, 1.0]], [[0.96425222, 0.05744132, 0.25866578, 137.89], [-0.04837612, 0.99797564, -0.04127708, 123.04], [-0.26051342, 0.02728628, 0.96507942, -1189.14], [0.0, 0.0, 0.0, 1.0]]]\n",
      "[[[nan, nan, nan, nan], [nan, nan, nan, nan], [nan, nan, nan, nan], [0.0, 0.0, 0.0, 1.0]], [[0.96478782, 0.06005584, 0.25605386, 137.73], [-0.05092496, 0.99781248, -0.04214288, 123.73], [-0.25802506, 0.02761648, 0.9657363, -1189.86], [0.0, 0.0, 0.0, 1.0]]]\n",
      "[[[nan, nan, nan, nan], [nan, nan, nan, nan], [nan, nan, nan, nan], [0.0, 0.0, 0.0, 1.0]], [[0.96478782, 0.06005584, 0.25605386, 137.73], [-0.05092496, 0.99781248, -0.04214288, 123.73], [-0.25802506, 0.02761648, 0.9657363, -1189.86], [0.0, 0.0, 0.0, 1.0]]]\n",
      "[[[nan, nan, nan, nan], [nan, nan, nan, nan], [nan, nan, nan, nan], [0.0, 0.0, 0.0, 1.0]], [[0.96576092, 0.06035494, 0.25229178, 137.5], [-0.05264186, 0.99791948, -0.03721314, 124.16], [-0.25401318, 0.02265534, 0.9669294, -1190.77], [0.0, 0.0, 0.0, 1.0]]]\n",
      "[[[nan, nan, nan, nan], [nan, nan, nan, nan], [nan, nan, nan, nan], [0.0, 0.0, 0.0, 1.0]], [[0.96576092, 0.06035494, 0.25229178, 137.5], [-0.05264186, 0.99791948, -0.03721314, 124.16], [-0.25401318, 0.02265534, 0.9669294, -1190.77], [0.0, 0.0, 0.0, 1.0]]]\n",
      "[[[nan, nan, nan, nan], [nan, nan, nan, nan], [nan, nan, nan, nan], [0.0, 0.0, 0.0, 1.0]], [[0.96576092, 0.06035494, 0.25229178, 137.5], [-0.05264186, 0.99791948, -0.03721314, 124.16], [-0.25401318, 0.02265534, 0.9669294, -1190.77], [0.0, 0.0, 0.0, 1.0]]]\n",
      "[[[nan, nan, nan, nan], [nan, nan, nan, nan], [nan, nan, nan, nan], [0.0, 0.0, 0.0, 1.0]], [[0.96576092, 0.06035494, 0.25229178, 137.5], [-0.05264186, 0.99791948, -0.03721314, 124.16], [-0.25401318, 0.02265534, 0.9669294, -1190.77], [0.0, 0.0, 0.0, 1.0]]]\n",
      "[[[nan, nan, nan, nan], [nan, nan, nan, nan], [nan, nan, nan, nan], [0.0, 0.0, 0.0, 1.0]], [[0.96624174, 0.0599426, 0.25056438, 137.39], [-0.05228388, 0.9979422, -0.03711716, 124.09], [-0.2522737, 0.0227634, 0.9673875, -1191.19], [0.0, 0.0, 0.0, 1.0]]]\n",
      "[[[nan, nan, nan, nan], [nan, nan, nan, nan], [nan, nan, nan, nan], [0.0, 0.0, 0.0, 1.0]], [[0.96624174, 0.0599426, 0.25056438, 137.39], [-0.05228388, 0.9979422, -0.03711716, 124.09], [-0.2522737, 0.0227634, 0.9673875, -1191.19], [0.0, 0.0, 0.0, 1.0]]]\n",
      "[[[nan, nan, nan, nan], [nan, nan, nan, nan], [nan, nan, nan, nan], [0.0, 0.0, 0.0, 1.0]], [[0.96565726, 0.05909526, 0.25300152, 137.43], [-0.05033322, 0.99789166, -0.04097016, 123.55], [-0.25488936, 0.02682792, 0.96659596, -1190.88], [0.0, 0.0, 0.0, 1.0]]]\n",
      "[[[nan, nan, nan, nan], [nan, nan, nan, nan], [nan, nan, nan, nan], [0.0, 0.0, 0.0, 1.0]], [[0.96565726, 0.05909526, 0.25300152, 137.43], [-0.05033322, 0.99789166, -0.04097016, 123.55], [-0.25488936, 0.02682792, 0.96659596, -1190.88], [0.0, 0.0, 0.0, 1.0]]]\n",
      "[[[nan, nan, nan, nan], [nan, nan, nan, nan], [nan, nan, nan, nan], [0.0, 0.0, 0.0, 1.0]], [[0.96565726, 0.05909526, 0.25300152, 137.43], [-0.05033322, 0.99789166, -0.04097016, 123.55], [-0.25488936, 0.02682792, 0.96659596, -1190.88], [0.0, 0.0, 0.0, 1.0]]]\n",
      "[[[nan, nan, nan, nan], [nan, nan, nan, nan], [nan, nan, nan, nan], [0.0, 0.0, 0.0, 1.0]], [[0.96565726, 0.05909526, 0.25300152, 137.43], [-0.05033322, 0.99789166, -0.04097016, 123.55], [-0.25488936, 0.02682792, 0.96659596, -1190.88], [0.0, 0.0, 0.0, 1.0]]]\n",
      "[[[nan, nan, nan, nan], [nan, nan, nan, nan], [nan, nan, nan, nan], [0.0, 0.0, 0.0, 1.0]], [[0.96537566, 0.0577386, 0.254371, 137.61], [-0.046911, 0.99772408, -0.04842792, 122.68], [-0.2565886, 0.03481608, 0.96588758, -1190.14], [0.0, 0.0, 0.0, 1.0]]]\n",
      "[[[nan, nan, nan, nan], [nan, nan, nan, nan], [nan, nan, nan, nan], [0.0, 0.0, 0.0, 1.0]], [[0.96537566, 0.0577386, 0.254371, 137.61], [-0.046911, 0.99772408, -0.04842792, 122.68], [-0.2565886, 0.03481608, 0.96588758, -1190.14], [0.0, 0.0, 0.0, 1.0]]]\n",
      "[[[nan, nan, nan, nan], [nan, nan, nan, nan], [nan, nan, nan, nan], [0.0, 0.0, 0.0, 1.0]], [[0.964575, 0.05658182, 0.25765374, 137.78], [-0.04288446, 0.9973671, -0.05847382, 121.65], [-0.26028422, 0.04535154, 0.96446214, -1189.3], [0.0, 0.0, 0.0, 1.0]]]\n",
      "[[[nan, nan, nan, nan], [nan, nan, nan, nan], [nan, nan, nan, nan], [0.0, 0.0, 0.0, 1.0]], [[0.964575, 0.05658182, 0.25765374, 137.78], [-0.04288446, 0.9973671, -0.05847382, 121.65], [-0.26028422, 0.04535154, 0.96446214, -1189.3], [0.0, 0.0, 0.0, 1.0]]]\n",
      "[[[nan, nan, nan, nan], [nan, nan, nan, nan], [nan, nan, nan, nan], [0.0, 0.0, 0.0, 1.0]], [[0.964575, 0.05658182, 0.25765374, 137.78], [-0.04288446, 0.9973671, -0.05847382, 121.65], [-0.26028422, 0.04535154, 0.96446214, -1189.3], [0.0, 0.0, 0.0, 1.0]]]\n",
      "[[[nan, nan, nan, nan], [nan, nan, nan, nan], [nan, nan, nan, nan], [0.0, 0.0, 0.0, 1.0]], [[0.964575, 0.05658182, 0.25765374, 137.78], [-0.04288446, 0.9973671, -0.05847382, 121.65], [-0.26028422, 0.04535154, 0.96446214, -1189.3], [0.0, 0.0, 0.0, 1.0]]]\n",
      "[[[nan, nan, nan, nan], [nan, nan, nan, nan], [nan, nan, nan, nan], [0.0, 0.0, 0.0, 1.0]], [[0.9641151, 0.05491122, 0.25972394, 137.92], [-0.03978058, 0.9972102, -0.06315474, 120.74], [-0.26246766, 0.05055466, 0.96361014, -1188.78], [0.0, 0.0, 0.0, 1.0]]]\n",
      "[[[nan, nan, nan, nan], [nan, nan, nan, nan], [nan, nan, nan, nan], [0.0, 0.0, 0.0, 1.0]], [[0.9641151, 0.05491122, 0.25972394, 137.92], [-0.03978058, 0.9972102, -0.06315474, 120.74], [-0.26246766, 0.05055466, 0.96361014, -1188.78], [0.0, 0.0, 0.0, 1.0]]]\n",
      "[[[nan, nan, nan, nan], [nan, nan, nan, nan], [nan, nan, nan, nan], [0.0, 0.0, 0.0, 1.0]], [[0.9640248, 0.05225312, 0.26060904, 137.94], [-0.03728808, 0.9973767, -0.06203774, 120.11], [-0.26316736, 0.05008686, 0.96344454, -1188.58], [0.0, 0.0, 0.0, 1.0]]]\n",
      "[[[nan, nan, nan, nan], [nan, nan, nan, nan], [nan, nan, nan, nan], [0.0, 0.0, 0.0, 1.0]], [[0.9640248, 0.05225312, 0.26060904, 137.94], [-0.03728808, 0.9973767, -0.06203774, 120.11], [-0.26316736, 0.05008686, 0.96344454, -1188.58], [0.0, 0.0, 0.0, 1.0]]]\n",
      "[[[nan, nan, nan, nan], [nan, nan, nan, nan], [nan, nan, nan, nan], [0.0, 0.0, 0.0, 1.0]], [[0.9640248, 0.05225312, 0.26060904, 137.94], [-0.03728808, 0.9973767, -0.06203774, 120.11], [-0.26316736, 0.05008686, 0.96344454, -1188.58], [0.0, 0.0, 0.0, 1.0]]]\n",
      "[[[nan, nan, nan, nan], [nan, nan, nan, nan], [nan, nan, nan, nan], [0.0, 0.0, 0.0, 1.0]], [[0.9640248, 0.05225312, 0.26060904, 137.94], [-0.03728808, 0.9973767, -0.06203774, 120.11], [-0.26316736, 0.05008686, 0.96344454, -1188.58], [0.0, 0.0, 0.0, 1.0]]]\n",
      "[[[nan, nan, nan, nan], [nan, nan, nan, nan], [nan, nan, nan, nan], [0.0, 0.0, 0.0, 1.0]], [[0.96383094, 0.05067008, 0.26164918, 137.97], [-0.03570152, 0.99745904, -0.06164992, 119.69], [-0.26410822, 0.05007848, 0.96319094, -1188.44], [0.0, 0.0, 0.0, 1.0]]]\n",
      "[[[nan, nan, nan, nan], [nan, nan, nan, nan], [nan, nan, nan, nan], [0.0, 0.0, 0.0, 1.0]], [[0.96383094, 0.05067008, 0.26164918, 137.97], [-0.03570152, 0.99745904, -0.06164992, 119.69], [-0.26410822, 0.05007848, 0.96319094, -1188.44], [0.0, 0.0, 0.0, 1.0]]]\n",
      "[[[nan, nan, nan, nan], [nan, nan, nan, nan], [nan, nan, nan, nan], [0.0, 0.0, 0.0, 1.0]], [[0.9635824, 0.05027112, 0.26262864, 138.0], [-0.03529944, 0.99748766, -0.06141472, 119.62], [-0.26505648, 0.04990624, 0.9629363, -1188.28], [0.0, 0.0, 0.0, 1.0]]]\n",
      "[[[nan, nan, nan, nan], [nan, nan, nan, nan], [nan, nan, nan, nan], [0.0, 0.0, 0.0, 1.0]], [[0.9635824, 0.05027112, 0.26262864, 138.0], [-0.03529944, 0.99748766, -0.06141472, 119.62], [-0.26505648, 0.04990624, 0.9629363, -1188.28], [0.0, 0.0, 0.0, 1.0]]]\n",
      "[[[nan, nan, nan, nan], [nan, nan, nan, nan], [nan, nan, nan, nan], [0.0, 0.0, 0.0, 1.0]], [[0.9635824, 0.05027112, 0.26262864, 138.0], [-0.03529944, 0.99748766, -0.06141472, 119.62], [-0.26505648, 0.04990624, 0.9629363, -1188.28], [0.0, 0.0, 0.0, 1.0]]]\n",
      "[[[nan, nan, nan, nan], [nan, nan, nan, nan], [nan, nan, nan, nan], [0.0, 0.0, 0.0, 1.0]], [[0.9635824, 0.05027112, 0.26262864, 138.0], [-0.03529944, 0.99748766, -0.06141472, 119.62], [-0.26505648, 0.04990624, 0.9629363, -1188.28], [0.0, 0.0, 0.0, 1.0]]]\n",
      "[[[nan, nan, nan, nan], [nan, nan, nan, nan], [nan, nan, nan, nan], [0.0, 0.0, 0.0, 1.0]], [[0.96343206, 0.05119272, 0.26300996, 138.03], [-0.03635864, 0.9974775, -0.06096252, 119.92], [-0.26546748, 0.04916996, 0.9628632, -1188.21], [0.0, 0.0, 0.0, 1.0]]]\n",
      "[[[nan, nan, nan, nan], [nan, nan, nan, nan], [nan, nan, nan, nan], [0.0, 0.0, 0.0, 1.0]], [[0.96343206, 0.05119272, 0.26300996, 138.03], [-0.03635864, 0.9974775, -0.06096252, 119.92], [-0.26546748, 0.04916996, 0.9628632, -1188.21], [0.0, 0.0, 0.0, 1.0]]]\n",
      "[[[nan, nan, nan, nan], [nan, nan, nan, nan], [nan, nan, nan, nan], [0.0, 0.0, 0.0, 1.0]], [[0.96341102, 0.05390144, 0.26254536, 138.07], [-0.03919616, 0.99737198, -0.06093048, 120.64], [-0.26513976, 0.04840968, 0.962992, -1188.16], [0.0, 0.0, 0.0, 1.0]]]\n",
      "[[[nan, nan, nan, nan], [nan, nan, nan, nan], [nan, nan, nan, nan], [0.0, 0.0, 0.0, 1.0]], [[0.96341102, 0.05390144, 0.26254536, 138.07], [-0.03919616, 0.99737198, -0.06093048, 120.64], [-0.26513976, 0.04840968, 0.962992, -1188.16], [0.0, 0.0, 0.0, 1.0]]]\n",
      "[[[nan, nan, nan, nan], [nan, nan, nan, nan], [nan, nan, nan, nan], [0.0, 0.0, 0.0, 1.0]], [[0.96341102, 0.05390144, 0.26254536, 138.07], [-0.03919616, 0.99737198, -0.06093048, 120.64], [-0.26513976, 0.04840968, 0.962992, -1188.16], [0.0, 0.0, 0.0, 1.0]]]\n",
      "[[[nan, nan, nan, nan], [nan, nan, nan, nan], [nan, nan, nan, nan], [0.0, 0.0, 0.0, 1.0]], [[0.96341102, 0.05390144, 0.26254536, 138.07], [-0.03919616, 0.99737198, -0.06093048, 120.64], [-0.26513976, 0.04840968, 0.962992, -1188.16], [0.0, 0.0, 0.0, 1.0]]]\n",
      "[[[nan, nan, nan, nan], [nan, nan, nan, nan], [nan, nan, nan, nan], [0.0, 0.0, 0.0, 1.0]], [[0.9632886, 0.05674262, 0.26238454, 138.04], [-0.04348586, 0.9974798, -0.05605678, 121.75], [-0.26490442, 0.04258706, 0.96332876, -1188.34], [0.0, 0.0, 0.0, 1.0]]]\n",
      "[[[nan, nan, nan, nan], [nan, nan, nan, nan], [nan, nan, nan, nan], [0.0, 0.0, 0.0, 1.0]], [[0.9632886, 0.05674262, 0.26238454, 138.04], [-0.04348586, 0.9974798, -0.05605678, 121.75], [-0.26490442, 0.04258706, 0.96332876, -1188.34], [0.0, 0.0, 0.0, 1.0]]]\n",
      "[[[nan, nan, nan, nan], [nan, nan, nan, nan], [nan, nan, nan, nan], [0.0, 0.0, 0.0, 1.0]], [[0.96364118, 0.05938406, 0.26051232, 138.01], [-0.04760074, 0.99754742, -0.05131416, 122.92], [-0.26292072, 0.03704736, 0.9641046, -1188.68], [0.0, 0.0, 0.0, 1.0]]]\n",
      "[[[nan, nan, nan, nan], [nan, nan, nan, nan], [nan, nan, nan, nan], [0.0, 0.0, 0.0, 1.0]], [[0.96364118, 0.05938406, 0.26051232, 138.01], [-0.04760074, 0.99754742, -0.05131416, 122.92], [-0.26292072, 0.03704736, 0.9641046, -1188.68], [0.0, 0.0, 0.0, 1.0]]]\n",
      "[[[nan, nan, nan, nan], [nan, nan, nan, nan], [nan, nan, nan, nan], [0.0, 0.0, 0.0, 1.0]], [[0.96364118, 0.05938406, 0.26051232, 138.01], [-0.04760074, 0.99754742, -0.05131416, 122.92], [-0.26292072, 0.03704736, 0.9641046, -1188.68], [0.0, 0.0, 0.0, 1.0]]]\n",
      "[[[nan, nan, nan, nan], [nan, nan, nan, nan], [nan, nan, nan, nan], [0.0, 0.0, 0.0, 1.0]], [[0.96364118, 0.05938406, 0.26051232, 138.01], [-0.04760074, 0.99754742, -0.05131416, 122.92], [-0.26292072, 0.03704736, 0.9641046, -1188.68], [0.0, 0.0, 0.0, 1.0]]]\n",
      "[[[nan, nan, nan, nan], [nan, nan, nan, nan], [nan, nan, nan, nan], [0.0, 0.0, 0.0, 1.0]], [[0.9639075, 0.06118238, 0.25909566, 137.91], [-0.05136114, 0.9976875, -0.04451002, 123.85], [-0.26121998, 0.02959434, 0.96482124, -1189.2], [0.0, 0.0, 0.0, 1.0]]]\n",
      "[[[nan, nan, nan, nan], [nan, nan, nan, nan], [nan, nan, nan, nan], [0.0, 0.0, 0.0, 1.0]], [[0.9639075, 0.06118238, 0.25909566, 137.91], [-0.05136114, 0.9976875, -0.04451002, 123.85], [-0.26121998, 0.02959434, 0.96482124, -1189.2], [0.0, 0.0, 0.0, 1.0]]]\n",
      "[[[nan, nan, nan, nan], [nan, nan, nan, nan], [nan, nan, nan, nan], [0.0, 0.0, 0.0, 1.0]], [[0.96473726, 0.06127148, 0.25597708, 137.81], [-0.05328812, 0.99785526, -0.03801368, 124.33], [-0.25775732, 0.02303192, 0.96593336, -1189.73], [0.0, 0.0, 0.0, 1.0]]]\n",
      "[[[nan, nan, nan, nan], [nan, nan, nan, nan], [nan, nan, nan, nan], [0.0, 0.0, 0.0, 1.0]], [[0.96473726, 0.06127148, 0.25597708, 137.81], [-0.05328812, 0.99785526, -0.03801368, 124.33], [-0.25775732, 0.02303192, 0.96593336, -1189.73], [0.0, 0.0, 0.0, 1.0]]]\n",
      "[[[nan, nan, nan, nan], [nan, nan, nan, nan], [nan, nan, nan, nan], [0.0, 0.0, 0.0, 1.0]], [[0.96473726, 0.06127148, 0.25597708, 137.81], [-0.05328812, 0.99785526, -0.03801368, 124.33], [-0.25775732, 0.02303192, 0.96593336, -1189.73], [0.0, 0.0, 0.0, 1.0]]]\n",
      "[[[nan, nan, nan, nan], [nan, nan, nan, nan], [nan, nan, nan, nan], [0.0, 0.0, 0.0, 1.0]], [[0.96473726, 0.06127148, 0.25597708, 137.81], [-0.05328812, 0.99785526, -0.03801368, 124.33], [-0.25775732, 0.02303192, 0.96593336, -1189.73], [0.0, 0.0, 0.0, 1.0]]]\n",
      "[[[nan, nan, nan, nan], [nan, nan, nan, nan], [nan, nan, nan, nan], [0.0, 0.0, 0.0, 1.0]], [[0.9648524, 0.06078244, 0.25564712, 137.69], [-0.05338076, 0.99793214, -0.03579604, 124.45], [-0.25729448, 0.02088916, 0.9661023, -1190.09], [0.0, 0.0, 0.0, 1.0]]]\n",
      "[[[nan, nan, nan, nan], [nan, nan, nan, nan], [nan, nan, nan, nan], [0.0, 0.0, 0.0, 1.0]], [[0.9648524, 0.06078244, 0.25564712, 137.69], [-0.05338076, 0.99793214, -0.03579604, 124.45], [-0.25729448, 0.02088916, 0.9661023, -1190.09], [0.0, 0.0, 0.0, 1.0]]]\n",
      "[[[nan, nan, nan, nan], [nan, nan, nan, nan], [nan, nan, nan, nan], [0.0, 0.0, 0.0, 1.0]], [[0.9651852, 0.05996244, 0.25458092, 137.61], [-0.0534194, 0.9980415, -0.0325413, 124.43], [-0.2560338, 0.01780658, 0.96649854, -1190.36], [0.0, 0.0, 0.0, 1.0]]]\n",
      "[[[nan, nan, nan, nan], [nan, nan, nan, nan], [nan, nan, nan, nan], [0.0, 0.0, 0.0, 1.0]], [[0.9651852, 0.05996244, 0.25458092, 137.61], [-0.0534194, 0.9980415, -0.0325413, 124.43], [-0.2560338, 0.01780658, 0.96649854, -1190.36], [0.0, 0.0, 0.0, 1.0]]]\n",
      "[[[nan, nan, nan, nan], [nan, nan, nan, nan], [nan, nan, nan, nan], [0.0, 0.0, 0.0, 1.0]], [[0.9651852, 0.05996244, 0.25458092, 137.61], [-0.0534194, 0.9980415, -0.0325413, 124.43], [-0.2560338, 0.01780658, 0.96649854, -1190.36], [0.0, 0.0, 0.0, 1.0]]]\n",
      "[[[nan, nan, nan, nan], [nan, nan, nan, nan], [nan, nan, nan, nan], [0.0, 0.0, 0.0, 1.0]], [[0.9651852, 0.05996244, 0.25458092, 137.61], [-0.0534194, 0.9980415, -0.0325413, 124.43], [-0.2560338, 0.01780658, 0.96649854, -1190.36], [0.0, 0.0, 0.0, 1.0]]]\n",
      "[[[nan, nan, nan, nan], [nan, nan, nan, nan], [nan, nan, nan, nan], [0.0, 0.0, 0.0, 1.0]], [[0.9655164, 0.05917184, 0.25350752, 137.53], [-0.05342848, 0.998136, -0.02948464, 124.41], [-0.25477984, 0.01492112, 0.96687864, -1190.69], [0.0, 0.0, 0.0, 1.0]]]\n",
      "[[[nan, nan, nan, nan], [nan, nan, nan, nan], [nan, nan, nan, nan], [0.0, 0.0, 0.0, 1.0]], [[0.9655164, 0.05917184, 0.25350752, 137.53], [-0.05342848, 0.998136, -0.02948464, 124.41], [-0.25477984, 0.01492112, 0.96687864, -1190.69], [0.0, 0.0, 0.0, 1.0]]]\n",
      "[[[nan, nan, nan, nan], [nan, nan, nan, nan], [nan, nan, nan, nan], [0.0, 0.0, 0.0, 1.0]], [[0.96590828, 0.05785306, 0.25230942, 137.45], [-0.05356906, 0.99827966, -0.02381934, 124.42], [-0.25325358, 0.00948834, 0.96734638, -1191.01], [0.0, 0.0, 0.0, 1.0]]]\n",
      "[[[nan, nan, nan, nan], [nan, nan, nan, nan], [nan, nan, nan, nan], [0.0, 0.0, 0.0, 1.0]], [[0.96590828, 0.05785306, 0.25230942, 137.45], [-0.05356906, 0.99827966, -0.02381934, 124.42], [-0.25325358, 0.00948834, 0.96734638, -1191.01], [0.0, 0.0, 0.0, 1.0]]]\n",
      "[[[nan, nan, nan, nan], [nan, nan, nan, nan], [nan, nan, nan, nan], [0.0, 0.0, 0.0, 1.0]], [[0.96590828, 0.05785306, 0.25230942, 137.45], [-0.05356906, 0.99827966, -0.02381934, 124.42], [-0.25325358, 0.00948834, 0.96734638, -1191.01], [0.0, 0.0, 0.0, 1.0]]]\n",
      "[[[nan, nan, nan, nan], [nan, nan, nan, nan], [nan, nan, nan, nan], [0.0, 0.0, 0.0, 1.0]], [[0.96590828, 0.05785306, 0.25230942, 137.45], [-0.05356906, 0.99827966, -0.02381934, 124.42], [-0.25325358, 0.00948834, 0.96734638, -1191.01], [0.0, 0.0, 0.0, 1.0]]]\n",
      "[[[nan, nan, nan, nan], [nan, nan, nan, nan], [nan, nan, nan, nan], [0.0, 0.0, 0.0, 1.0]], [[0.96618518, 0.05676792, 0.25149754, 137.36], [-0.05387232, 0.9983782, -0.01838856, 124.54], [-0.25213366, 0.00421536, 0.96767702, -1191.37], [0.0, 0.0, 0.0, 1.0]]]\n",
      "[[[nan, nan, nan, nan], [nan, nan, nan, nan], [nan, nan, nan, nan], [0.0, 0.0, 0.0, 1.0]], [[0.96618518, 0.05676792, 0.25149754, 137.36], [-0.05387232, 0.9983782, -0.01838856, 124.54], [-0.25213366, 0.00421536, 0.96767702, -1191.37], [0.0, 0.0, 0.0, 1.0]]]\n",
      "[[[nan, nan, nan, nan], [nan, nan, nan, nan], [nan, nan, nan, nan], [0.0, 0.0, 0.0, 1.0]], [[0.96648926, 0.05623578, 0.25045032, 137.3], [-0.05441562, 0.99841726, -0.01419192, 124.64], [-0.25085208, 8.568e-05, 0.96802016, -1191.6], [0.0, 0.0, 0.0, 1.0]]]\n",
      "[[[nan, nan, nan, nan], [nan, nan, nan, nan], [nan, nan, nan, nan], [0.0, 0.0, 0.0, 1.0]], [[0.96648926, 0.05623578, 0.25045032, 137.3], [-0.05441562, 0.99841726, -0.01419192, 124.64], [-0.25085208, 8.568e-05, 0.96802016, -1191.6], [0.0, 0.0, 0.0, 1.0]]]\n",
      "[[[nan, nan, nan, nan], [nan, nan, nan, nan], [nan, nan, nan, nan], [0.0, 0.0, 0.0, 1.0]], [[0.96648926, 0.05623578, 0.25045032, 137.3], [-0.05441562, 0.99841726, -0.01419192, 124.64], [-0.25085208, 8.568e-05, 0.96802016, -1191.6], [0.0, 0.0, 0.0, 1.0]]]\n",
      "[[[nan, nan, nan, nan], [nan, nan, nan, nan], [nan, nan, nan, nan], [0.0, 0.0, 0.0, 1.0]], [[0.96648926, 0.05623578, 0.25045032, 137.3], [-0.05441562, 0.99841726, -0.01419192, 124.64], [-0.25085208, 8.568e-05, 0.96802016, -1191.6], [0.0, 0.0, 0.0, 1.0]]]\n",
      "[[[nan, nan, nan, nan], [nan, nan, nan, nan], [nan, nan, nan, nan], [0.0, 0.0, 0.0, 1.0]], [[0.96635964, 0.05566396, 0.25108544, 137.26], [-0.05419424, 0.9984486, -0.01276988, 124.63], [-0.25140676, -0.00126848, 0.9678774, -1191.69], [0.0, 0.0, 0.0, 1.0]]]\n",
      "[[[nan, nan, nan, nan], [nan, nan, nan, nan], [nan, nan, nan, nan], [0.0, 0.0, 0.0, 1.0]], [[0.96635964, 0.05566396, 0.25108544, 137.26], [-0.05419424, 0.9984486, -0.01276988, 124.63], [-0.25140676, -0.00126848, 0.9678774, -1191.69], [0.0, 0.0, 0.0, 1.0]]]\n",
      "[[[nan, nan, nan, nan], [nan, nan, nan, nan], [nan, nan, nan, nan], [0.0, 0.0, 0.0, 1.0]], [[0.96643622, 0.0537944, 0.2511921, 137.26], [-0.0532876, 0.99854, -0.0088248, 124.39], [-0.2513001, -0.0048588, 0.96789222, -1191.68], [0.0, 0.0, 0.0, 1.0]]]\n",
      "[[[nan, nan, nan, nan], [nan, nan, nan, nan], [nan, nan, nan, nan], [0.0, 0.0, 0.0, 1.0]], [[0.96643622, 0.0537944, 0.2511921, 137.26], [-0.0532876, 0.99854, -0.0088248, 124.39], [-0.2513001, -0.0048588, 0.96789222, -1191.68], [0.0, 0.0, 0.0, 1.0]]]\n",
      "[[[nan, nan, nan, nan], [nan, nan, nan, nan], [nan, nan, nan, nan], [0.0, 0.0, 0.0, 1.0]], [[0.96643622, 0.0537944, 0.2511921, 137.26], [-0.0532876, 0.99854, -0.0088248, 124.39], [-0.2513001, -0.0048588, 0.96789222, -1191.68], [0.0, 0.0, 0.0, 1.0]]]\n",
      "[[[nan, nan, nan, nan], [nan, nan, nan, nan], [nan, nan, nan, nan], [0.0, 0.0, 0.0, 1.0]], [[0.96643622, 0.0537944, 0.2511921, 137.26], [-0.0532876, 0.99854, -0.0088248, 124.39], [-0.2513001, -0.0048588, 0.96789222, -1191.68], [0.0, 0.0, 0.0, 1.0]]]\n",
      "[[[nan, nan, nan, nan], [nan, nan, nan, nan], [nan, nan, nan, nan], [0.0, 0.0, 0.0, 1.0]], [[0.96643036, 0.05157864, 0.25167924, 137.31], [-0.05193396, 0.9986366, -0.00523608, 123.93], [-0.25160616, -0.00801228, 0.9677918, -1191.45], [0.0, 0.0, 0.0, 1.0]]]\n",
      "[[[nan, nan, nan, nan], [nan, nan, nan, nan], [nan, nan, nan, nan], [0.0, 0.0, 0.0, 1.0]], [[0.96643036, 0.05157864, 0.25167924, 137.31], [-0.05193396, 0.9986366, -0.00523608, 123.93], [-0.25160616, -0.00801228, 0.9677918, -1191.45], [0.0, 0.0, 0.0, 1.0]]]\n",
      "[[[nan, nan, nan, nan], [nan, nan, nan, nan], [nan, nan, nan, nan], [0.0, 0.0, 0.0, 1.0]], [[0.96607286, 0.04857224, 0.25363948, 137.41], [-0.04898152, 0.9987884, -0.00470644, 123.22], [-0.25356076, -0.00787892, 0.9672819, -1190.95], [0.0, 0.0, 0.0, 1.0]]]\n",
      "[[[nan, nan, nan, nan], [nan, nan, nan, nan], [nan, nan, nan, nan], [0.0, 0.0, 0.0, 1.0]], [[0.96607286, 0.04857224, 0.25363948, 137.41], [-0.04898152, 0.9987884, -0.00470644, 123.22], [-0.25356076, -0.00787892, 0.9672819, -1190.95], [0.0, 0.0, 0.0, 1.0]]]\n",
      "[[[nan, nan, nan, nan], [nan, nan, nan, nan], [nan, nan, nan, nan], [0.0, 0.0, 0.0, 1.0]], [[0.96607286, 0.04857224, 0.25363948, 137.41], [-0.04898152, 0.9987884, -0.00470644, 123.22], [-0.25356076, -0.00787892, 0.9672819, -1190.95], [0.0, 0.0, 0.0, 1.0]]]\n",
      "[[[nan, nan, nan, nan], [nan, nan, nan, nan], [nan, nan, nan, nan], [0.0, 0.0, 0.0, 1.0]], [[0.96607286, 0.04857224, 0.25363948, 137.41], [-0.04898152, 0.9987884, -0.00470644, 123.22], [-0.25356076, -0.00787892, 0.9672819, -1190.95], [0.0, 0.0, 0.0, 1.0]]]\n",
      "[[[nan, nan, nan, nan], [nan, nan, nan, nan], [nan, nan, nan, nan], [0.0, 0.0, 0.0, 1.0]], [[0.96587526, 0.04509748, 0.25504304, 137.5], [-0.04571476, 0.9989483, -0.00351052, 122.35], [-0.25493312, -0.00826924, 0.9669212, -1190.48], [0.0, 0.0, 0.0, 1.0]]]\n",
      "[[[nan, nan, nan, nan], [nan, nan, nan, nan], [nan, nan, nan, nan], [0.0, 0.0, 0.0, 1.0]], [[0.96587526, 0.04509748, 0.25504304, 137.5], [-0.04571476, 0.9989483, -0.00351052, 122.35], [-0.25493312, -0.00826924, 0.9669212, -1190.48], [0.0, 0.0, 0.0, 1.0]]]\n",
      "[[[nan, nan, nan, nan], [nan, nan, nan, nan], [nan, nan, nan, nan], [0.0, 0.0, 0.0, 1.0]], [[0.96556062, 0.04187572, 0.25677214, 137.56], [-0.04218652, 0.9991004, -0.00430124, 121.47], [-0.25672126, -0.00668036, 0.96645878, -1190.12], [0.0, 0.0, 0.0, 1.0]]]\n",
      "[[[nan, nan, nan, nan], [nan, nan, nan, nan], [nan, nan, nan, nan], [0.0, 0.0, 0.0, 1.0]], [[0.96556062, 0.04187572, 0.25677214, 137.56], [-0.04218652, 0.9991004, -0.00430124, 121.47], [-0.25672126, -0.00668036, 0.96645878, -1190.12], [0.0, 0.0, 0.0, 1.0]]]\n",
      "[[[nan, nan, nan, nan], [nan, nan, nan, nan], [nan, nan, nan, nan], [0.0, 0.0, 0.0, 1.0]], [[0.96556062, 0.04187572, 0.25677214, 137.56], [-0.04218652, 0.9991004, -0.00430124, 121.47], [-0.25672126, -0.00668036, 0.96645878, -1190.12], [0.0, 0.0, 0.0, 1.0]]]\n",
      "[[[nan, nan, nan, nan], [nan, nan, nan, nan], [nan, nan, nan, nan], [0.0, 0.0, 0.0, 1.0]], [[0.96556062, 0.04187572, 0.25677214, 137.56], [-0.04218652, 0.9991004, -0.00430124, 121.47], [-0.25672126, -0.00668036, 0.96645878, -1190.12], [0.0, 0.0, 0.0, 1.0]]]\n",
      "[[[nan, nan, nan, nan], [nan, nan, nan, nan], [nan, nan, nan, nan], [0.0, 0.0, 0.0, 1.0]], [[0.96542382, 0.03877122, 0.25778134, 137.63], [-0.03934322, 0.9992214, -0.00294114, 120.64], [-0.25769466, -0.00730286, 0.96619758, -1189.8], [0.0, 0.0, 0.0, 1.0]]]\n",
      "[[[nan, nan, nan, nan], [nan, nan, nan, nan], [nan, nan, nan, nan], [0.0, 0.0, 0.0, 1.0]], [[0.96542382, 0.03877122, 0.25778134, 137.63], [-0.03934322, 0.9992214, -0.00294114, 120.64], [-0.25769466, -0.00730286, 0.96619758, -1189.8], [0.0, 0.0, 0.0, 1.0]]]\n",
      "[[[nan, nan, nan, nan], [nan, nan, nan, nan], [nan, nan, nan, nan], [0.0, 0.0, 0.0, 1.0]], [[0.96542382, 0.03877122, 0.25778134, 137.63], [-0.03934322, 0.9992214, -0.00294114, 120.64], [-0.25769466, -0.00730286, 0.96619758, -1189.8], [0.0, 0.0, 0.0, 1.0]]]\n",
      "[[[nan, nan, nan, nan], [nan, nan, nan, nan], [nan, nan, nan, nan], [0.0, 0.0, 0.0, 1.0]], [[0.96542382, 0.03877122, 0.25778134, 137.63], [-0.03934322, 0.9992214, -0.00294114, 120.64], [-0.25769466, -0.00730286, 0.96619758, -1189.8], [0.0, 0.0, 0.0, 1.0]]]\n",
      "[[[nan, nan, nan, nan], [nan, nan, nan, nan], [nan, nan, nan, nan], [0.0, 0.0, 0.0, 1.0]], [[0.9650683, 0.03749352, 0.25929414, 137.7], [-0.0374412, 0.99928556, -0.00514248, 120.18], [-0.2593017, -0.004746, 0.9657827, -1189.44], [0.0, 0.0, 0.0, 1.0]]]\n",
      "[[[nan, nan, nan, nan], [nan, nan, nan, nan], [nan, nan, nan, nan], [0.0, 0.0, 0.0, 1.0]], [[0.9650683, 0.03749352, 0.25929414, 137.7], [-0.0374412, 0.99928556, -0.00514248, 120.18], [-0.2593017, -0.004746, 0.9657827, -1189.44], [0.0, 0.0, 0.0, 1.0]]]\n",
      "[[[nan, nan, nan, nan], [nan, nan, nan, nan], [nan, nan, nan, nan], [0.0, 0.0, 0.0, 1.0]], [[0.9647687, 0.03717226, 0.26044612, 137.76], [-0.03696202, 0.9993003, -0.00570724, 120.08], [-0.26047604, -0.00412148, 0.96546776, -1189.25], [0.0, 0.0, 0.0, 1.0]]]\n",
      "[[[nan, nan, nan, nan], [nan, nan, nan, nan], [nan, nan, nan, nan], [0.0, 0.0, 0.0, 1.0]], [[0.9647687, 0.03717226, 0.26044612, 137.76], [-0.03696202, 0.9993003, -0.00570724, 120.08], [-0.26047604, -0.00412148, 0.96546776, -1189.25], [0.0, 0.0, 0.0, 1.0]]]\n",
      "[[[nan, nan, nan, nan], [nan, nan, nan, nan], [nan, nan, nan, nan], [0.0, 0.0, 0.0, 1.0]], [[0.9647687, 0.03717226, 0.26044612, 137.76], [-0.03696202, 0.9993003, -0.00570724, 120.08], [-0.26047604, -0.00412148, 0.96546776, -1189.25], [0.0, 0.0, 0.0, 1.0]]]\n",
      "[[[nan, nan, nan, nan], [nan, nan, nan, nan], [nan, nan, nan, nan], [0.0, 0.0, 0.0, 1.0]], [[0.9647687, 0.03717226, 0.26044612, 137.76], [-0.03696202, 0.9993003, -0.00570724, 120.08], [-0.26047604, -0.00412148, 0.96546776, -1189.25], [0.0, 0.0, 0.0, 1.0]]]\n",
      "[[[nan, nan, nan, nan], [nan, nan, nan, nan], [nan, nan, nan, nan], [0.0, 0.0, 0.0, 1.0]], [[0.96503774, 0.03826032, 0.25929792, 137.75], [-0.03826032, 0.99925502, -0.00504888, 120.42], [-0.25929792, -0.00504888, 0.96578272, -1189.3], [0.0, 0.0, 0.0, 1.0]]]\n",
      "[[[nan, nan, nan, nan], [nan, nan, nan, nan], [nan, nan, nan, nan], [0.0, 0.0, 0.0, 1.0]], [[0.96503774, 0.03826032, 0.25929792, 137.75], [-0.03826032, 0.99925502, -0.00504888, 120.42], [-0.25929792, -0.00504888, 0.96578272, -1189.3], [0.0, 0.0, 0.0, 1.0]]]\n",
      "[[[nan, nan, nan, nan], [nan, nan, nan, nan], [nan, nan, nan, nan], [0.0, 0.0, 0.0, 1.0]], [[0.96503774, 0.03826032, 0.25929792, 137.75], [-0.03826032, 0.99925502, -0.00504888, 120.42], [-0.25929792, -0.00504888, 0.96578272, -1189.3], [0.0, 0.0, 0.0, 1.0]]]\n",
      "[[[nan, nan, nan, nan], [nan, nan, nan, nan], [nan, nan, nan, nan], [0.0, 0.0, 0.0, 1.0]], [[0.96503774, 0.03826032, 0.25929792, 137.75], [-0.03826032, 0.99925502, -0.00504888, 120.42], [-0.25929792, -0.00504888, 0.96578272, -1189.3], [0.0, 0.0, 0.0, 1.0]]]\n",
