{
 "cells": [
  {
   "cell_type": "code",
   "execution_count": 35,
   "metadata": {},
   "outputs": [],
   "source": [
    "import pandas as pd\n",
    "import ast\n",
    "import numpy as np\n",
    "import re \n",
    "import sys\n",
    "\n",
    "sys.path.append(\"../../\")\n",
    "from data_processor import pivotCalibration\n",
    "from data_processor import readCSVWStrArray"
   ]
  },
  {
   "cell_type": "code",
   "execution_count": 43,
   "metadata": {},
   "outputs": [
    {
     "name": "stdout",
     "output_type": "stream",
     "text": [
      "[array([[ 9.9752652e-01, -6.8925940e-02, -1.3775140e-02,  5.9500000e+00],\n",
      "       [ 6.4149460e-02,  9.7284638e-01, -2.2237682e-01, -2.6170000e+02],\n",
      "       [ 2.8729540e-02,  2.2094302e-01,  9.7486190e-01, -1.5530700e+03],\n",
      "       [ 0.0000000e+00,  0.0000000e+00,  0.0000000e+00,  1.0000000e+00]]), array([[ 9.9752652e-01, -6.8925940e-02, -1.3775140e-02,  5.9500000e+00],\n",
      "       [ 6.4149460e-02,  9.7284638e-01, -2.2237682e-01, -2.6170000e+02],\n",
      "       [ 2.8729540e-02,  2.2094302e-01,  9.7486190e-01, -1.5530700e+03],\n",
      "       [ 0.0000000e+00,  0.0000000e+00,  0.0000000e+00,  1.0000000e+00]]), array([[ 9.9752652e-01, -6.8925940e-02, -1.3775140e-02,  5.9500000e+00],\n",
      "       [ 6.4149460e-02,  9.7284638e-01, -2.2237682e-01, -2.6170000e+02],\n",
      "       [ 2.8729540e-02,  2.2094302e-01,  9.7486190e-01, -1.5530700e+03],\n",
      "       [ 0.0000000e+00,  0.0000000e+00,  0.0000000e+00,  1.0000000e+00]]), array([[ 9.9778238e-01, -6.5032040e-02, -1.4155860e-02,  5.8700000e+00],\n",
      "       [ 6.0571640e-02,  9.7544600e-01, -2.1172548e-01, -2.6063000e+02],\n",
      "       [ 2.7579540e-02,  2.1039828e-01,  9.7722262e-01, -1.5527500e+03],\n",
      "       [ 0.0000000e+00,  0.0000000e+00,  0.0000000e+00,  1.0000000e+00]]), array([[ 9.9778238e-01, -6.5032040e-02, -1.4155860e-02,  5.8700000e+00],\n",
      "       [ 6.0571640e-02,  9.7544600e-01, -2.1172548e-01, -2.6063000e+02],\n",
      "       [ 2.7579540e-02,  2.1039828e-01,  9.7722262e-01, -1.5527500e+03],\n",
      "       [ 0.0000000e+00,  0.0000000e+00,  0.0000000e+00,  1.0000000e+00]]), array([[ 9.9795470e-01, -6.2118980e-02, -1.5058640e-02,  5.8100000e+00],\n",
      "       [ 5.7522500e-02,  9.7554606e-01, -2.1210952e-01, -2.5989000e+02],\n",
      "       [ 2.7869200e-02,  2.1080920e-01,  9.7712480e-01, -1.5528000e+03],\n",
      "       [ 0.0000000e+00,  0.0000000e+00,  0.0000000e+00,  1.0000000e+00]]), array([[ 9.9795470e-01, -6.2118980e-02, -1.5058640e-02,  5.8100000e+00],\n",
      "       [ 5.7522500e-02,  9.7554606e-01, -2.1210952e-01, -2.5989000e+02],\n",
      "       [ 2.7869200e-02,  2.1080920e-01,  9.7712480e-01, -1.5528000e+03],\n",
      "       [ 0.0000000e+00,  0.0000000e+00,  0.0000000e+00,  1.0000000e+00]]), array([[ 9.9795470e-01, -6.2118980e-02, -1.5058640e-02,  5.8100000e+00],\n",
      "       [ 5.7522500e-02,  9.7554606e-01, -2.1210952e-01, -2.5989000e+02],\n",
      "       [ 2.7869200e-02,  2.1080920e-01,  9.7712480e-01, -1.5528000e+03],\n",
      "       [ 0.0000000e+00,  0.0000000e+00,  0.0000000e+00,  1.0000000e+00]]), array([[ 9.9815190e-01, -5.8933040e-02, -1.4801020e-02,  5.7700000e+00],\n",
      "       [ 5.4837760e-02,  9.7860336e-01, -1.9829576e-01, -2.5909000e+02],\n",
      "       [ 2.6172380e-02,  1.9711744e-01,  9.8002710e-01, -1.5522100e+03],\n",
      "       [ 0.0000000e+00,  0.0000000e+00,  0.0000000e+00,  1.0000000e+00]]), array([[ 9.9815190e-01, -5.8933040e-02, -1.4801020e-02,  5.7700000e+00],\n",
      "       [ 5.4837760e-02,  9.7860336e-01, -1.9829576e-01, -2.5909000e+02],\n",
      "       [ 2.6172380e-02,  1.9711744e-01,  9.8002710e-01, -1.5522100e+03],\n",
      "       [ 0.0000000e+00,  0.0000000e+00,  0.0000000e+00,  1.0000000e+00]]), array([[ 9.9815190e-01, -5.8933040e-02, -1.4801020e-02,  5.7700000e+00],\n",
      "       [ 5.4837760e-02,  9.7860336e-01, -1.9829576e-01, -2.5909000e+02],\n",
      "       [ 2.6172380e-02,  1.9711744e-01,  9.8002710e-01, -1.5522100e+03],\n",
      "       [ 0.0000000e+00,  0.0000000e+00,  0.0000000e+00,  1.0000000e+00]]), array([[ 9.9845870e-01, -5.4630120e-02, -9.7832600e-03,  5.7000000e+00],\n",
      "       [ 5.1593160e-02,  9.7861420e-01, -1.9912692e-01, -2.5828000e+02],\n",
      "       [ 2.0452580e-02,  1.9831524e-01,  9.7992446e-01, -1.5509800e+03],\n",
      "       [ 0.0000000e+00,  0.0000000e+00,  0.0000000e+00,  1.0000000e+00]]), array([[ 9.9845870e-01, -5.4630120e-02, -9.7832600e-03,  5.7000000e+00],\n",
      "       [ 5.1593160e-02,  9.7861420e-01, -1.9912692e-01, -2.5828000e+02],\n",
      "       [ 2.0452580e-02,  1.9831524e-01,  9.7992446e-01, -1.5509800e+03],\n",
      "       [ 0.0000000e+00,  0.0000000e+00,  0.0000000e+00,  1.0000000e+00]]), array([[ 9.9845870e-01, -5.4630120e-02, -9.7832600e-03,  5.7000000e+00],\n",
      "       [ 5.1593160e-02,  9.7861420e-01, -1.9912692e-01, -2.5828000e+02],\n",
      "       [ 2.0452580e-02,  1.9831524e-01,  9.7992446e-01, -1.5509800e+03],\n",
      "       [ 0.0000000e+00,  0.0000000e+00,  0.0000000e+00,  1.0000000e+00]]), array([[ 9.9863726e-01, -5.1945560e-02, -5.0146800e-03,  5.6800000e+00],\n",
      "       [ 4.9901480e-02,  9.7860920e-01, -1.9957896e-01, -2.5782000e+02],\n",
      "       [ 1.5275160e-02,  1.9905672e-01,  9.7986790e-01, -1.5495800e+03],\n",
      "       [ 0.0000000e+00,  0.0000000e+00,  0.0000000e+00,  1.0000000e+00]]), array([[ 9.9863726e-01, -5.1945560e-02, -5.0146800e-03,  5.6800000e+00],\n",
      "       [ 4.9901480e-02,  9.7860920e-01, -1.9957896e-01, -2.5782000e+02],\n",
      "       [ 1.5275160e-02,  1.9905672e-01,  9.7986790e-01, -1.5495800e+03],\n",
      "       [ 0.0000000e+00,  0.0000000e+00,  0.0000000e+00,  1.0000000e+00]]), array([[ 9.9863726e-01, -5.1945560e-02, -5.0146800e-03,  5.6800000e+00],\n",
      "       [ 4.9901480e-02,  9.7860920e-01, -1.9957896e-01, -2.5782000e+02],\n",
      "       [ 1.5275160e-02,  1.9905672e-01,  9.7986790e-01, -1.5495800e+03],\n",
      "       [ 0.0000000e+00,  0.0000000e+00,  0.0000000e+00,  1.0000000e+00]]), array([[ 9.9869718e-01, -5.1027920e-02, -2.6580000e-05,  5.7000000e+00],\n",
      "       [ 5.0053920e-02,  9.7973616e-01, -1.9393352e-01, -2.5780000e+02],\n",
      "       [ 9.9224200e-03,  1.9367952e-01,  9.8101398e-01, -1.5480600e+03],\n",
      "       [ 0.0000000e+00,  0.0000000e+00,  0.0000000e+00,  1.0000000e+00]]), array([[ 9.9869718e-01, -5.1027920e-02, -2.6580000e-05,  5.7000000e+00],\n",
      "       [ 5.0053920e-02,  9.7973616e-01, -1.9393352e-01, -2.5780000e+02],\n",
      "       [ 9.9224200e-03,  1.9367952e-01,  9.8101398e-01, -1.5480600e+03],\n",
      "       [ 0.0000000e+00,  0.0000000e+00,  0.0000000e+00,  1.0000000e+00]]), array([[ 9.9869718e-01, -5.1027920e-02, -2.6580000e-05,  5.7000000e+00],\n",
      "       [ 5.0053920e-02,  9.7973616e-01, -1.9393352e-01, -2.5780000e+02],\n",
      "       [ 9.9224200e-03,  1.9367952e-01,  9.8101398e-01, -1.5480600e+03],\n",
      "       [ 0.0000000e+00,  0.0000000e+00,  0.0000000e+00,  1.0000000e+00]]), array([[ 9.9871980e-01, -5.0306780e-02,  5.2538600e-03,  5.7200000e+00],\n",
      "       [ 5.0346740e-02,  9.7875980e-01, -1.9871602e-01, -2.5789000e+02],\n",
      "       [ 4.8560200e-03,  1.9872614e-01,  9.8003996e-01, -1.5466900e+03],\n",
      "       [ 0.0000000e+00,  0.0000000e+00,  0.0000000e+00,  1.0000000e+00]]), array([[ 9.9871980e-01, -5.0306780e-02,  5.2538600e-03,  5.7200000e+00],\n",
      "       [ 5.0346740e-02,  9.7875980e-01, -1.9871602e-01, -2.5789000e+02],\n",
      "       [ 4.8560200e-03,  1.9872614e-01,  9.8003996e-01, -1.5466900e+03],\n",
      "       [ 0.0000000e+00,  0.0000000e+00,  0.0000000e+00,  1.0000000e+00]]), array([[ 9.9871980e-01, -5.0306780e-02,  5.2538600e-03,  5.7200000e+00],\n",
      "       [ 5.0346740e-02,  9.7875980e-01, -1.9871602e-01, -2.5789000e+02],\n",
      "       [ 4.8560200e-03,  1.9872614e-01,  9.8003996e-01, -1.5466900e+03],\n",
      "       [ 0.0000000e+00,  0.0000000e+00,  0.0000000e+00,  1.0000000e+00]]), array([[ 9.9876656e-01, -4.8273680e-02,  1.1615760e-02,  5.7400000e+00],\n",
      "       [ 4.9614640e-02,  9.7934576e-01, -1.9600728e-01, -2.5765000e+02],\n",
      "       [-1.9135200e-03,  1.9634184e-01,  9.8053296e-01, -1.5448900e+03],\n",
      "       [ 0.0000000e+00,  0.0000000e+00,  0.0000000e+00,  1.0000000e+00]]), array([[ 9.9876656e-01, -4.8273680e-02,  1.1615760e-02,  5.7400000e+00],\n",
      "       [ 4.9614640e-02,  9.7934576e-01, -1.9600728e-01, -2.5765000e+02],\n",
      "       [-1.9135200e-03,  1.9634184e-01,  9.8053296e-01, -1.5448900e+03],\n",
      "       [ 0.0000000e+00,  0.0000000e+00,  0.0000000e+00,  1.0000000e+00]]), array([[ 9.9876656e-01, -4.8273680e-02,  1.1615760e-02,  5.7400000e+00],\n",
      "       [ 4.9614640e-02,  9.7934576e-01, -1.9600728e-01, -2.5765000e+02],\n",
      "       [-1.9135200e-03,  1.9634184e-01,  9.8053296e-01, -1.5448900e+03],\n",
      "       [ 0.0000000e+00,  0.0000000e+00,  0.0000000e+00,  1.0000000e+00]]), array([[ 9.9875520e-01, -4.7476000e-02,  1.5296000e-02,  5.7800000e+00],\n",
      "       [ 4.9587200e-02,  9.7820478e-01, -2.0162974e-01, -2.5770000e+02],\n",
      "       [-5.3896000e-03,  2.0213726e-01,  9.7934142e-01, -1.5437900e+03],\n",
      "       [ 0.0000000e+00,  0.0000000e+00,  0.0000000e+00,  1.0000000e+00]]), array([[ 9.9875520e-01, -4.7476000e-02,  1.5296000e-02,  5.7800000e+00],\n",
      "       [ 4.9587200e-02,  9.7820478e-01, -2.0162974e-01, -2.5770000e+02],\n",
      "       [-5.3896000e-03,  2.0213726e-01,  9.7934142e-01, -1.5437900e+03],\n",
      "       [ 0.0000000e+00,  0.0000000e+00,  0.0000000e+00,  1.0000000e+00]]), array([[ 9.9875520e-01, -4.7476000e-02,  1.5296000e-02,  5.7800000e+00],\n",
      "       [ 4.9587200e-02,  9.7820478e-01, -2.0162974e-01, -2.5770000e+02],\n",
      "       [-5.3896000e-03,  2.0213726e-01,  9.7934142e-01, -1.5437900e+03],\n",
      "       [ 0.0000000e+00,  0.0000000e+00,  0.0000000e+00,  1.0000000e+00]]), array([[ 9.9878000e-01, -4.5997080e-02,  1.7963560e-02,  5.7800000e+00],\n",
      "       [ 4.8679320e-02,  9.7822200e-01, -2.0176824e-01, -2.5741000e+02],\n",
      "       [-8.2912400e-03,  2.0239656e-01,  9.7926776e-01, -1.5431400e+03],\n",
      "       [ 0.0000000e+00,  0.0000000e+00,  0.0000000e+00,  1.0000000e+00]]), array([[ 9.9878000e-01, -4.5997080e-02,  1.7963560e-02,  5.7800000e+00],\n",
      "       [ 4.8679320e-02,  9.7822200e-01, -2.0176824e-01, -2.5741000e+02],\n",
      "       [-8.2912400e-03,  2.0239656e-01,  9.7926776e-01, -1.5431400e+03],\n",
      "       [ 0.0000000e+00,  0.0000000e+00,  0.0000000e+00,  1.0000000e+00]]), array([[ 9.9878000e-01, -4.5997080e-02,  1.7963560e-02,  5.7800000e+00],\n",
      "       [ 4.8679320e-02,  9.7822200e-01, -2.0176824e-01, -2.5741000e+02],\n",
      "       [-8.2912400e-03,  2.0239656e-01,  9.7926776e-01, -1.5431400e+03],\n",
      "       [ 0.0000000e+00,  0.0000000e+00,  0.0000000e+00,  1.0000000e+00]]), array([[ 9.9884480e-01, -4.3809440e-02,  1.9735680e-02,  5.7600000e+00],\n",
      "       [ 4.6888960e-02,  9.7843694e-01, -2.0113914e-01, -2.5699000e+02],\n",
      "       [-1.0497120e-02,  2.0183226e-01,  9.7936110e-01, -1.5426400e+03],\n",
      "       [ 0.0000000e+00,  0.0000000e+00,  0.0000000e+00,  1.0000000e+00]]), array([[ 9.9884480e-01, -4.3809440e-02,  1.9735680e-02,  5.7600000e+00],\n",
      "       [ 4.6888960e-02,  9.7843694e-01, -2.0113914e-01, -2.5699000e+02],\n",
      "       [-1.0497120e-02,  2.0183226e-01,  9.7936110e-01, -1.5426400e+03],\n",
      "       [ 0.0000000e+00,  0.0000000e+00,  0.0000000e+00,  1.0000000e+00]]), array([[ 9.9884480e-01, -4.3809440e-02,  1.9735680e-02,  5.7600000e+00],\n",
      "       [ 4.6888960e-02,  9.7843694e-01, -2.0113914e-01, -2.5699000e+02],\n",
      "       [-1.0497120e-02,  2.0183226e-01,  9.7936110e-01, -1.5426400e+03],\n",
      "       [ 0.0000000e+00,  0.0000000e+00,  0.0000000e+00,  1.0000000e+00]]), array([[ 9.9888310e-01, -4.2379980e-02,  2.0881440e-02,  5.7700000e+00],\n",
      "       [ 4.5869460e-02,  9.7581574e-01, -2.1370488e-01, -2.5681000e+02],\n",
      "       [-1.1317680e-02,  2.1442416e-01,  9.7667020e-01, -1.5423800e+03],\n",
      "       [ 0.0000000e+00,  0.0000000e+00,  0.0000000e+00,  1.0000000e+00]]), array([[ 9.9888310e-01, -4.2379980e-02,  2.0881440e-02,  5.7700000e+00],\n",
      "       [ 4.5869460e-02,  9.7581574e-01, -2.1370488e-01, -2.5681000e+02],\n",
      "       [-1.1317680e-02,  2.1442416e-01,  9.7667020e-01, -1.5423800e+03],\n",
      "       [ 0.0000000e+00,  0.0000000e+00,  0.0000000e+00,  1.0000000e+00]]), array([[ 9.9888310e-01, -4.2379980e-02,  2.0881440e-02,  5.7700000e+00],\n",
      "       [ 4.5869460e-02,  9.7581574e-01, -2.1370488e-01, -2.5681000e+02],\n",
      "       [-1.1317680e-02,  2.1442416e-01,  9.7667020e-01, -1.5423800e+03],\n",
      "       [ 0.0000000e+00,  0.0000000e+00,  0.0000000e+00,  1.0000000e+00]]), array([[ 9.9893062e-01, -4.0462920e-02,  2.2368600e-02,  5.7600000e+00],\n",
      "       [ 4.4242920e-02,  9.7704262e-01, -2.0839860e-01, -2.5632000e+02],\n",
      "       [-1.3422600e-02,  2.0916540e-01,  9.7778800e-01, -1.5416400e+03],\n",
      "       [ 0.0000000e+00,  0.0000000e+00,  0.0000000e+00,  1.0000000e+00]]), array([[ 9.9893062e-01, -4.0462920e-02,  2.2368600e-02,  5.7600000e+00],\n",
      "       [ 4.4242920e-02,  9.7704262e-01, -2.0839860e-01, -2.5632000e+02],\n",
      "       [-1.3422600e-02,  2.0916540e-01,  9.7778800e-01, -1.5416400e+03],\n",
      "       [ 0.0000000e+00,  0.0000000e+00,  0.0000000e+00,  1.0000000e+00]]), array([[ 9.9893062e-01, -4.0462920e-02,  2.2368600e-02,  5.7600000e+00],\n",
      "       [ 4.4242920e-02,  9.7704262e-01, -2.0839860e-01, -2.5632000e+02],\n",
      "       [-1.3422600e-02,  2.0916540e-01,  9.7778800e-01, -1.5416400e+03],\n",
      "       [ 0.0000000e+00,  0.0000000e+00,  0.0000000e+00,  1.0000000e+00]]), array([[ 9.9893494e-01, -3.8895120e-02,  2.4815160e-02,  5.7500000e+00],\n",
      "       [ 4.3374960e-02,  9.7503094e-01, -2.1777228e-01, -2.5614000e+02],\n",
      "       [-1.5723720e-02,  2.1861684e-01,  9.7567984e-01, -1.5412400e+03],\n",
      "       [ 0.0000000e+00,  0.0000000e+00,  0.0000000e+00,  1.0000000e+00]]), array([[ 9.9893494e-01, -3.8895120e-02,  2.4815160e-02,  5.7500000e+00],\n",
      "       [ 4.3374960e-02,  9.7503094e-01, -2.1777228e-01, -2.5614000e+02],\n",
      "       [-1.5723720e-02,  2.1861684e-01,  9.7567984e-01, -1.5412400e+03],\n",
      "       [ 0.0000000e+00,  0.0000000e+00,  0.0000000e+00,  1.0000000e+00]]), array([[ 9.9893494e-01, -3.8895120e-02,  2.4815160e-02,  5.7500000e+00],\n",
      "       [ 4.3374960e-02,  9.7503094e-01, -2.1777228e-01, -2.5614000e+02],\n",
      "       [-1.5723720e-02,  2.1861684e-01,  9.7567984e-01, -1.5412400e+03],\n",
      "       [ 0.0000000e+00,  0.0000000e+00,  0.0000000e+00,  1.0000000e+00]]), array([[ 9.9897036e-01, -3.7196660e-02,  2.5967220e-02,  5.7600000e+00],\n",
      "       [ 4.1909820e-02,  9.7583676e-01, -2.1442574e-01, -2.5577000e+02],\n",
      "       [-1.7362460e-02,  2.1529338e-01,  9.7639116e-01, -1.5407000e+03],\n",
      "       [ 0.0000000e+00,  0.0000000e+00,  0.0000000e+00,  1.0000000e+00]]), array([[ 9.9897036e-01, -3.7196660e-02,  2.5967220e-02,  5.7600000e+00],\n",
      "       [ 4.1909820e-02,  9.7583676e-01, -2.1442574e-01, -2.5577000e+02],\n",
      "       [-1.7362460e-02,  2.1529338e-01,  9.7639116e-01, -1.5407000e+03],\n",
      "       [ 0.0000000e+00,  0.0000000e+00,  0.0000000e+00,  1.0000000e+00]]), array([[ 9.9897036e-01, -3.7196660e-02,  2.5967220e-02,  5.7600000e+00],\n",
      "       [ 4.1909820e-02,  9.7583676e-01, -2.1442574e-01, -2.5577000e+02],\n",
      "       [-1.7362460e-02,  2.1529338e-01,  9.7639116e-01, -1.5407000e+03],\n",
      "       [ 0.0000000e+00,  0.0000000e+00,  0.0000000e+00,  1.0000000e+00]]), array([[ 9.9899276e-01, -3.4972760e-02,  2.8108320e-02,  5.7600000e+00],\n",
      "       [ 4.0166080e-02,  9.7625900e-01, -2.1283356e-01, -2.5531000e+02],\n",
      "       [-1.9996440e-02,  2.1374832e-01,  9.7668060e-01, -1.5400100e+03],\n",
      "       [ 0.0000000e+00,  0.0000000e+00,  0.0000000e+00,  1.0000000e+00]]), array([[ 9.9899276e-01, -3.4972760e-02,  2.8108320e-02,  5.7600000e+00],\n",
      "       [ 4.0166080e-02,  9.7625900e-01, -2.1283356e-01, -2.5531000e+02],\n",
      "       [-1.9996440e-02,  2.1374832e-01,  9.7668060e-01, -1.5400100e+03],\n",
      "       [ 0.0000000e+00,  0.0000000e+00,  0.0000000e+00,  1.0000000e+00]]), array([[ 9.9899276e-01, -3.4972760e-02,  2.8108320e-02,  5.7600000e+00],\n",
      "       [ 4.0166080e-02,  9.7625900e-01, -2.1283356e-01, -2.5531000e+02],\n",
      "       [-1.9996440e-02,  2.1374832e-01,  9.7668060e-01, -1.5400100e+03],\n",
      "       [ 0.0000000e+00,  0.0000000e+00,  0.0000000e+00,  1.0000000e+00]]), array([[ 9.9898374e-01, -3.3313140e-02,  3.0358020e-02,  5.7600000e+00],\n",
      "       [ 3.9042780e-02,  9.7613894e-01, -2.1360194e-01, -2.5504000e+02],\n",
      "       [-2.2517460e-02,  2.1457018e-01,  9.7644764e-01, -1.5395200e+03],\n",
      "       [ 0.0000000e+00,  0.0000000e+00,  0.0000000e+00,  1.0000000e+00]]), array([[ 9.9898374e-01, -3.3313140e-02,  3.0358020e-02,  5.7600000e+00],\n",
      "       [ 3.9042780e-02,  9.7613894e-01, -2.1360194e-01, -2.5504000e+02],\n",
      "       [-2.2517460e-02,  2.1457018e-01,  9.7644764e-01, -1.5395200e+03],\n",
      "       [ 0.0000000e+00,  0.0000000e+00,  0.0000000e+00,  1.0000000e+00]]), array([[ 9.9898374e-01, -3.3313140e-02,  3.0358020e-02,  5.7600000e+00],\n",
      "       [ 3.9042780e-02,  9.7613894e-01, -2.1360194e-01, -2.5504000e+02],\n",
      "       [-2.2517460e-02,  2.1457018e-01,  9.7644764e-01, -1.5395200e+03],\n",
      "       [ 0.0000000e+00,  0.0000000e+00,  0.0000000e+00,  1.0000000e+00]]), array([[ 9.9900350e-01, -3.2298960e-02,  3.0796280e-02,  5.7600000e+00],\n",
      "       [ 3.8076240e-02,  9.7681654e-01, -2.1064416e-01, -2.5474000e+02],\n",
      "       [-2.3277320e-02,  2.1160704e-01,  9.7707320e-01, -1.5393000e+03],\n",
      "       [ 0.0000000e+00,  0.0000000e+00,  0.0000000e+00,  1.0000000e+00]]), array([[ 9.9900350e-01, -3.2298960e-02,  3.0796280e-02,  5.7600000e+00],\n",
      "       [ 3.8076240e-02,  9.7681654e-01, -2.1064416e-01, -2.5474000e+02],\n",
      "       [-2.3277320e-02,  2.1160704e-01,  9.7707320e-01, -1.5393000e+03],\n",
      "       [ 0.0000000e+00,  0.0000000e+00,  0.0000000e+00,  1.0000000e+00]]), array([[ 9.9900350e-01, -3.2298960e-02,  3.0796280e-02,  5.7600000e+00],\n",
      "       [ 3.8076240e-02,  9.7681654e-01, -2.1064416e-01, -2.5474000e+02],\n",
      "       [-2.3277320e-02,  2.1160704e-01,  9.7707320e-01, -1.5393000e+03],\n",
      "       [ 0.0000000e+00,  0.0000000e+00,  0.0000000e+00,  1.0000000e+00]]), array([[ 9.9900006e-01, -3.2775680e-02,  3.0407140e-02,  5.7500000e+00],\n",
      "       [ 3.8409040e-02,  9.7726716e-01, -2.0850112e-01, -2.5476000e+02],\n",
      "       [-2.2881980e-02,  2.0946056e-01,  9.7754886e-01, -1.5394200e+03],\n",
      "       [ 0.0000000e+00,  0.0000000e+00,  0.0000000e+00,  1.0000000e+00]]), array([[ 9.9900006e-01, -3.2775680e-02,  3.0407140e-02,  5.7500000e+00],\n",
      "       [ 3.8409040e-02,  9.7726716e-01, -2.0850112e-01, -2.5476000e+02],\n",
      "       [-2.2881980e-02,  2.0946056e-01,  9.7754886e-01, -1.5394200e+03],\n",
      "       [ 0.0000000e+00,  0.0000000e+00,  0.0000000e+00,  1.0000000e+00]]), array([[ 9.9900006e-01, -3.2775680e-02,  3.0407140e-02,  5.7500000e+00],\n",
      "       [ 3.8409040e-02,  9.7726716e-01, -2.0850112e-01, -2.5476000e+02],\n",
      "       [-2.2881980e-02,  2.0946056e-01,  9.7754886e-01, -1.5394200e+03],\n",
      "       [ 0.0000000e+00,  0.0000000e+00,  0.0000000e+00,  1.0000000e+00]]), array([[ 9.9898812e-01, -3.4539340e-02,  2.8801940e-02,  5.7800000e+00],\n",
      "       [ 3.9819340e-02,  9.7699790e-01, -2.0948642e-01, -2.5522000e+02],\n",
      "       [-2.0903060e-02,  2.1042142e-01,  9.7738478e-01, -1.5396200e+03],\n",
      "       [ 0.0000000e+00,  0.0000000e+00,  0.0000000e+00,  1.0000000e+00]]), array([[ 9.9898812e-01, -3.4539340e-02,  2.8801940e-02,  5.7800000e+00],\n",
      "       [ 3.9819340e-02,  9.7699790e-01, -2.0948642e-01, -2.5522000e+02],\n",
      "       [-2.0903060e-02,  2.1042142e-01,  9.7738478e-01, -1.5396200e+03],\n",
      "       [ 0.0000000e+00,  0.0000000e+00,  0.0000000e+00,  1.0000000e+00]]), array([[ 9.9898812e-01, -3.4539340e-02,  2.8801940e-02,  5.7800000e+00],\n",
      "       [ 3.9819340e-02,  9.7699790e-01, -2.0948642e-01, -2.5522000e+02],\n",
      "       [-2.0903060e-02,  2.1042142e-01,  9.7738478e-01, -1.5396200e+03],\n",
      "       [ 0.0000000e+00,  0.0000000e+00,  0.0000000e+00,  1.0000000e+00]]), array([[ 9.9891702e-01, -3.5648720e-02,  2.9898340e-02,  5.7900000e+00],\n",
      "       [ 4.1103520e-02,  9.7724700e-01, -2.0808136e-01, -2.5549000e+02],\n",
      "       [-2.1800060e-02,  2.0908496e-01,  9.7765398e-01, -1.5396200e+03],\n",
      "       [ 0.0000000e+00,  0.0000000e+00,  0.0000000e+00,  1.0000000e+00]]), array([[ 9.9891702e-01, -3.5648720e-02,  2.9898340e-02,  5.7900000e+00],\n",
      "       [ 4.1103520e-02,  9.7724700e-01, -2.0808136e-01, -2.5549000e+02],\n",
      "       [-2.1800060e-02,  2.0908496e-01,  9.7765398e-01, -1.5396200e+03],\n",
      "       [ 0.0000000e+00,  0.0000000e+00,  0.0000000e+00,  1.0000000e+00]]), array([[ 9.9891702e-01, -3.5648720e-02,  2.9898340e-02,  5.7900000e+00],\n",
      "       [ 4.1103520e-02,  9.7724700e-01, -2.0808136e-01, -2.5549000e+02],\n",
      "       [-2.1800060e-02,  2.0908496e-01,  9.7765398e-01, -1.5396200e+03],\n",
      "       [ 0.0000000e+00,  0.0000000e+00,  0.0000000e+00,  1.0000000e+00]]), array([[ 9.9891608e-01, -3.4049840e-02,  3.1736160e-02,  5.7900000e+00],\n",
      "       [ 3.9918640e-02,  9.7734200e-01, -2.0786352e-01, -2.5521000e+02],\n",
      "       [-2.3939040e-02,  2.0890512e-01,  9.7764192e-01, -1.5391500e+03],\n",
      "       [ 0.0000000e+00,  0.0000000e+00,  0.0000000e+00,  1.0000000e+00]]), array([[ 9.9891608e-01, -3.4049840e-02,  3.1736160e-02,  5.7900000e+00],\n",
      "       [ 3.9918640e-02,  9.7734200e-01, -2.0786352e-01, -2.5521000e+02],\n",
      "       [-2.3939040e-02,  2.0890512e-01,  9.7764192e-01, -1.5391500e+03],\n",
      "       [ 0.0000000e+00,  0.0000000e+00,  0.0000000e+00,  1.0000000e+00]]), array([[ 9.9891608e-01, -3.4049840e-02,  3.1736160e-02,  5.7900000e+00],\n",
      "       [ 3.9918640e-02,  9.7734200e-01, -2.0786352e-01, -2.5521000e+02],\n",
      "       [-2.3939040e-02,  2.0890512e-01,  9.7764192e-01, -1.5391500e+03],\n",
      "       [ 0.0000000e+00,  0.0000000e+00,  0.0000000e+00,  1.0000000e+00]]), array([[ 9.9898200e-01, -3.1235320e-02,  3.2544760e-02,  5.7900000e+00],\n",
      "       [ 3.7186280e-02,  9.7864110e-01, -2.0217686e-01, -2.5449000e+02],\n",
      "       [-2.5534040e-02,  2.0318134e-01,  9.7880646e-01, -1.5385400e+03],\n",
      "       [ 0.0000000e+00,  0.0000000e+00,  0.0000000e+00,  1.0000000e+00]]), array([[ 9.9898200e-01, -3.1235320e-02,  3.2544760e-02,  5.7900000e+00],\n",
      "       [ 3.7186280e-02,  9.7864110e-01, -2.0217686e-01, -2.5449000e+02],\n",
      "       [-2.5534040e-02,  2.0318134e-01,  9.7880646e-01, -1.5385400e+03],\n",
      "       [ 0.0000000e+00,  0.0000000e+00,  0.0000000e+00,  1.0000000e+00]]), array([[ 9.9898200e-01, -3.1235320e-02,  3.2544760e-02,  5.7900000e+00],\n",
      "       [ 3.7186280e-02,  9.7864110e-01, -2.0217686e-01, -2.5449000e+02],\n",
      "       [-2.5534040e-02,  2.0318134e-01,  9.7880646e-01, -1.5385400e+03],\n",
      "       [ 0.0000000e+00,  0.0000000e+00,  0.0000000e+00,  1.0000000e+00]]), array([[ 9.9902006e-01, -2.7437780e-02,  3.4723680e-02,  5.7800000e+00],\n",
      "       [ 3.3829580e-02,  9.7932518e-01, -1.9942488e-01, -2.5357000e+02],\n",
      "       [-2.8532880e-02,  2.0040432e-01,  9.7929388e-01, -1.5379300e+03],\n",
      "       [ 0.0000000e+00,  0.0000000e+00,  0.0000000e+00,  1.0000000e+00]]), array([[ 9.9902006e-01, -2.7437780e-02,  3.4723680e-02,  5.7800000e+00],\n",
      "       [ 3.3829580e-02,  9.7932518e-01, -1.9942488e-01, -2.5357000e+02],\n",
      "       [-2.8532880e-02,  2.0040432e-01,  9.7929388e-01, -1.5379300e+03],\n",
      "       [ 0.0000000e+00,  0.0000000e+00,  0.0000000e+00,  1.0000000e+00]]), array([[ 9.9902006e-01, -2.7437780e-02,  3.4723680e-02,  5.7800000e+00],\n",
      "       [ 3.3829580e-02,  9.7932518e-01, -1.9942488e-01, -2.5357000e+02],\n",
      "       [-2.8532880e-02,  2.0040432e-01,  9.7929388e-01, -1.5379300e+03],\n",
      "       [ 0.0000000e+00,  0.0000000e+00,  0.0000000e+00,  1.0000000e+00]]), array([[ 9.9908012e-01, -2.4052100e-02,  3.5501020e-02,  5.7600000e+00],\n",
      "       [ 3.0473900e-02,  9.8069004e-01, -1.9317490e-01, -2.5267000e+02],\n",
      "       [-3.0168980e-02,  1.9407910e-01,  9.8052092e-01, -1.5375400e+03],\n",
      "       [ 0.0000000e+00,  0.0000000e+00,  0.0000000e+00,  1.0000000e+00]]), array([[ 9.9908012e-01, -2.4052100e-02,  3.5501020e-02,  5.7600000e+00],\n",
      "       [ 3.0473900e-02,  9.8069004e-01, -1.9317490e-01, -2.5267000e+02],\n",
      "       [-3.0168980e-02,  1.9407910e-01,  9.8052092e-01, -1.5375400e+03],\n",
      "       [ 0.0000000e+00,  0.0000000e+00,  0.0000000e+00,  1.0000000e+00]]), array([[ 9.9908012e-01, -2.4052100e-02,  3.5501020e-02,  5.7600000e+00],\n",
      "       [ 3.0473900e-02,  9.8069004e-01, -1.9317490e-01, -2.5267000e+02],\n",
      "       [-3.0168980e-02,  1.9407910e-01,  9.8052092e-01, -1.5375400e+03],\n",
      "       [ 0.0000000e+00,  0.0000000e+00,  0.0000000e+00,  1.0000000e+00]]), array([[ 9.9909432e-01, -2.2180800e-02,  3.6308080e-02,  5.7700000e+00],\n",
      "       [ 2.8763200e-02,  9.8093184e-01, -1.9219680e-01, -2.5220000e+02],\n",
      "       [-3.1351920e-02,  1.9306720e-01,  9.8068152e-01, -1.5371400e+03],\n",
      "       [ 0.0000000e+00,  0.0000000e+00,  0.0000000e+00,  1.0000000e+00]]), array([[ 9.9909432e-01, -2.2180800e-02,  3.6308080e-02,  5.7700000e+00],\n",
      "       [ 2.8763200e-02,  9.8093184e-01, -1.9219680e-01, -2.5220000e+02],\n",
      "       [-3.1351920e-02,  1.9306720e-01,  9.8068152e-01, -1.5371400e+03],\n",
      "       [ 0.0000000e+00,  0.0000000e+00,  0.0000000e+00,  1.0000000e+00]]), array([[ 9.9909432e-01, -2.2180800e-02,  3.6308080e-02,  5.7700000e+00],\n",
      "       [ 2.8763200e-02,  9.8093184e-01, -1.9219680e-01, -2.5220000e+02],\n",
      "       [-3.1351920e-02,  1.9306720e-01,  9.8068152e-01, -1.5371400e+03],\n",
      "       [ 0.0000000e+00,  0.0000000e+00,  0.0000000e+00,  1.0000000e+00]]), array([[ 9.9904060e-01, -2.2403280e-02,  3.7626240e-02,  5.8100000e+00],\n",
      "       [ 2.8959360e-02,  9.8251766e-01, -1.8389142e-01, -2.5221000e+02],\n",
      "       [-3.2848080e-02,  1.8480474e-01,  9.8222390e-01, -1.5364800e+03],\n",
      "       [ 0.0000000e+00,  0.0000000e+00,  0.0000000e+00,  1.0000000e+00]]), array([[ 9.9904060e-01, -2.2403280e-02,  3.7626240e-02,  5.8100000e+00],\n",
      "       [ 2.8959360e-02,  9.8251766e-01, -1.8389142e-01, -2.5221000e+02],\n",
      "       [-3.2848080e-02,  1.8480474e-01,  9.8222390e-01, -1.5364800e+03],\n",
      "       [ 0.0000000e+00,  0.0000000e+00,  0.0000000e+00,  1.0000000e+00]]), array([[ 9.9904060e-01, -2.2403280e-02,  3.7626240e-02,  5.8100000e+00],\n",
      "       [ 2.8959360e-02,  9.8251766e-01, -1.8389142e-01, -2.5221000e+02],\n",
      "       [-3.2848080e-02,  1.8480474e-01,  9.8222390e-01, -1.5364800e+03],\n",
      "       [ 0.0000000e+00,  0.0000000e+00,  0.0000000e+00,  1.0000000e+00]]), array([[ 9.9889280e-01, -2.3725760e-02,  4.0618720e-02,  5.8600000e+00],\n",
      "       [ 3.0445760e-02,  9.8431758e-01, -1.7374276e-01, -2.5254000e+02],\n",
      "       [-3.5858720e-02,  1.7478724e-01,  9.8395022e-01, -1.5358000e+03],\n",
      "       [ 0.0000000e+00,  0.0000000e+00,  0.0000000e+00,  1.0000000e+00]]), array([[ 9.9889280e-01, -2.3725760e-02,  4.0618720e-02,  5.8600000e+00],\n",
      "       [ 3.0445760e-02,  9.8431758e-01, -1.7374276e-01, -2.5254000e+02],\n",
      "       [-3.5858720e-02,  1.7478724e-01,  9.8395022e-01, -1.5358000e+03],\n",
      "       [ 0.0000000e+00,  0.0000000e+00,  0.0000000e+00,  1.0000000e+00]]), array([[ 9.9889280e-01, -2.3725760e-02,  4.0618720e-02,  5.8600000e+00],\n",
      "       [ 3.0445760e-02,  9.8431758e-01, -1.7374276e-01, -2.5254000e+02],\n",
      "       [-3.5858720e-02,  1.7478724e-01,  9.8395022e-01, -1.5358000e+03],\n",
      "       [ 0.0000000e+00,  0.0000000e+00,  0.0000000e+00,  1.0000000e+00]]), array([[ 9.9869500e-01, -2.4591120e-02,  4.4756160e-02,  5.9200000e+00],\n",
      "       [ 3.1594560e-02,  9.8608870e-01, -1.6317462e-01, -2.5278000e+02],\n",
      "       [-4.0120080e-02,  1.6437594e-01,  9.8557894e-01, -1.5347800e+03],\n",
      "       [ 0.0000000e+00,  0.0000000e+00,  0.0000000e+00,  1.0000000e+00]]), array([[ 9.9869500e-01, -2.4591120e-02,  4.4756160e-02,  5.9200000e+00],\n",
      "       [ 3.1594560e-02,  9.8608870e-01, -1.6317462e-01, -2.5278000e+02],\n",
      "       [-4.0120080e-02,  1.6437594e-01,  9.8557894e-01, -1.5347800e+03],\n",
      "       [ 0.0000000e+00,  0.0000000e+00,  0.0000000e+00,  1.0000000e+00]]), array([[ 9.9869500e-01, -2.4591120e-02,  4.4756160e-02,  5.9200000e+00],\n",
      "       [ 3.1594560e-02,  9.8608870e-01, -1.6317462e-01, -2.5278000e+02],\n",
      "       [-4.0120080e-02,  1.6437594e-01,  9.8557894e-01, -1.5347800e+03],\n",
      "       [ 0.0000000e+00,  0.0000000e+00,  0.0000000e+00,  1.0000000e+00]]), array([[ 9.9850060e-01, -2.5635120e-02,  4.8362160e-02,  6.0000000e+00],\n",
      "       [ 3.2953200e-02,  9.8702254e-01, -1.5715062e-01, -2.5312000e+02],\n",
      "       [-4.3705200e-02,  1.5850890e-01,  9.8638750e-01, -1.5338500e+03],\n",
      "       [ 0.0000000e+00,  0.0000000e+00,  0.0000000e+00,  1.0000000e+00]]), array([[ 9.9850060e-01, -2.5635120e-02,  4.8362160e-02,  6.0000000e+00],\n",
      "       [ 3.2953200e-02,  9.8702254e-01, -1.5715062e-01, -2.5312000e+02],\n",
      "       [-4.3705200e-02,  1.5850890e-01,  9.8638750e-01, -1.5338500e+03],\n",
      "       [ 0.0000000e+00,  0.0000000e+00,  0.0000000e+00,  1.0000000e+00]]), array([[ 9.9850060e-01, -2.5635120e-02,  4.8362160e-02,  6.0000000e+00],\n",
      "       [ 3.2953200e-02,  9.8702254e-01, -1.5715062e-01, -2.5312000e+02],\n",
      "       [-4.3705200e-02,  1.5850890e-01,  9.8638750e-01, -1.5338500e+03],\n",
      "       [ 0.0000000e+00,  0.0000000e+00,  0.0000000e+00,  1.0000000e+00]]), array([[ 9.9838350e-01, -2.8157700e-02,  4.9368400e-02,  6.0300000e+00],\n",
      "       [ 3.5611900e-02,  9.8691102e-01, -1.5727704e-01, -2.5383000e+02],\n",
      "       [-4.4293200e-02,  1.5878104e-01,  9.8631852e-01, -1.5336900e+03],\n",
      "       [ 0.0000000e+00,  0.0000000e+00,  0.0000000e+00,  1.0000000e+00]]), array([[ 9.9838350e-01, -2.8157700e-02,  4.9368400e-02,  6.0300000e+00],\n",
      "       [ 3.5611900e-02,  9.8691102e-01, -1.5727704e-01, -2.5383000e+02],\n",
      "       [-4.4293200e-02,  1.5878104e-01,  9.8631852e-01, -1.5336900e+03],\n",
      "       [ 0.0000000e+00,  0.0000000e+00,  0.0000000e+00,  1.0000000e+00]]), array([[ 9.9838350e-01, -2.8157700e-02,  4.9368400e-02,  6.0300000e+00],\n",
      "       [ 3.5611900e-02,  9.8691102e-01, -1.5727704e-01, -2.5383000e+02],\n",
      "       [-4.4293200e-02,  1.5878104e-01,  9.8631852e-01, -1.5336900e+03],\n",
      "       [ 0.0000000e+00,  0.0000000e+00,  0.0000000e+00,  1.0000000e+00]]), array([[ 9.9827004e-01, -3.3727900e-02,  4.8158300e-02,  6.0500000e+00],\n",
      "       [ 4.0810300e-02,  9.8713262e-01, -1.5460502e-01, -2.5519000e+02],\n",
      "       [-4.2323900e-02,  1.5630298e-01,  9.8680142e-01, -1.5343900e+03],\n",
      "       [ 0.0000000e+00,  0.0000000e+00,  0.0000000e+00,  1.0000000e+00]]), array([[ 9.9827004e-01, -3.3727900e-02,  4.8158300e-02,  6.0500000e+00],\n",
      "       [ 4.0810300e-02,  9.8713262e-01, -1.5460502e-01, -2.5519000e+02],\n",
      "       [-4.2323900e-02,  1.5630298e-01,  9.8680142e-01, -1.5343900e+03],\n",
      "       [ 0.0000000e+00,  0.0000000e+00,  0.0000000e+00,  1.0000000e+00]]), array([[ 9.9827004e-01, -3.3727900e-02,  4.8158300e-02,  6.0500000e+00],\n",
      "       [ 4.0810300e-02,  9.8713262e-01, -1.5460502e-01, -2.5519000e+02],\n",
      "       [-4.2323900e-02,  1.5630298e-01,  9.8680142e-01, -1.5343900e+03],\n",
      "       [ 0.0000000e+00,  0.0000000e+00,  0.0000000e+00,  1.0000000e+00]]), array([[ 9.9816710e-01, -4.2430240e-02,  4.3145580e-02,  6.0800000e+00],\n",
      "       [ 4.8821680e-02,  9.8592620e-01, -1.5987984e-01, -2.5732000e+02],\n",
      "       [-3.5753460e-02,  1.6169352e-01,  9.8619094e-01, -1.5360800e+03],\n",
      "       [ 0.0000000e+00,  0.0000000e+00,  0.0000000e+00,  1.0000000e+00]]), array([[ 9.9816710e-01, -4.2430240e-02,  4.3145580e-02,  6.0800000e+00],\n",
      "       [ 4.8821680e-02,  9.8592620e-01, -1.5987984e-01, -2.5732000e+02],\n",
      "       [-3.5753460e-02,  1.6169352e-01,  9.8619094e-01, -1.5360800e+03],\n",
      "       [ 0.0000000e+00,  0.0000000e+00,  0.0000000e+00,  1.0000000e+00]]), array([[ 9.9816710e-01, -4.2430240e-02,  4.3145580e-02,  6.0800000e+00],\n",
      "       [ 4.8821680e-02,  9.8592620e-01, -1.5987984e-01, -2.5732000e+02],\n",
      "       [-3.5753460e-02,  1.6169352e-01,  9.8619094e-01, -1.5360800e+03],\n",
      "       [ 0.0000000e+00,  0.0000000e+00,  0.0000000e+00,  1.0000000e+00]]), array([[ 9.9791640e-01, -5.2719800e-02,  3.7186800e-02,  6.1200000e+00],\n",
      "       [ 5.8046520e-02,  9.8526744e-01, -1.6085480e-01, -2.5972000e+02],\n",
      "       [-2.8157360e-02,  1.6267848e-01,  9.8627520e-01, -1.5380800e+03],\n",
      "       [ 0.0000000e+00,  0.0000000e+00,  0.0000000e+00,  1.0000000e+00]]), array([[ 9.9791640e-01, -5.2719800e-02,  3.7186800e-02,  6.1200000e+00],\n",
      "       [ 5.8046520e-02,  9.8526744e-01, -1.6085480e-01, -2.5972000e+02],\n",
      "       [-2.8157360e-02,  1.6267848e-01,  9.8627520e-01, -1.5380800e+03],\n",
      "       [ 0.0000000e+00,  0.0000000e+00,  0.0000000e+00,  1.0000000e+00]]), array([[ 9.9791640e-01, -5.2719800e-02,  3.7186800e-02,  6.1200000e+00],\n",
      "       [ 5.8046520e-02,  9.8526744e-01, -1.6085480e-01, -2.5972000e+02],\n",
      "       [-2.8157360e-02,  1.6267848e-01,  9.8627520e-01, -1.5380800e+03],\n",
      "       [ 0.0000000e+00,  0.0000000e+00,  0.0000000e+00,  1.0000000e+00]]), array([[ 9.9757784e-01, -6.1952680e-02,  3.1617640e-02,  6.2000000e+00],\n",
      "       [ 6.6319240e-02,  9.8424774e-01, -1.6387178e-01, -2.6191000e+02],\n",
      "       [-2.0965880e-02,  1.6557194e-01,  9.8597294e-01, -1.5399800e+03],\n",
      "       [ 0.0000000e+00,  0.0000000e+00,  0.0000000e+00,  1.0000000e+00]]), array([[ 9.9757784e-01, -6.1952680e-02,  3.1617640e-02,  6.2000000e+00],\n",
      "       [ 6.6319240e-02,  9.8424774e-01, -1.6387178e-01, -2.6191000e+02],\n",
      "       [-2.0965880e-02,  1.6557194e-01,  9.8597294e-01, -1.5399800e+03],\n",
      "       [ 0.0000000e+00,  0.0000000e+00,  0.0000000e+00,  1.0000000e+00]]), array([[ 9.9757784e-01, -6.1952680e-02,  3.1617640e-02,  6.2000000e+00],\n",
      "       [ 6.6319240e-02,  9.8424774e-01, -1.6387178e-01, -2.6191000e+02],\n",
      "       [-2.0965880e-02,  1.6557194e-01,  9.8597294e-01, -1.5399800e+03],\n",
      "       [ 0.0000000e+00,  0.0000000e+00,  0.0000000e+00,  1.0000000e+00]]), array([[ 9.9735000e-01, -6.8059000e-02,  2.5707000e-02,  6.2400000e+00],\n",
      "       [ 7.1367000e-02,  9.8387142e-01, -1.6402186e-01, -2.6322000e+02],\n",
      "       [-1.4129000e-02,  1.6542186e-01,  9.8612142e-01, -1.5417000e+03],\n",
      "       [ 0.0000000e+00,  0.0000000e+00,  0.0000000e+00,  1.0000000e+00]]), array([[ 9.9735000e-01, -6.8059000e-02,  2.5707000e-02,  6.2400000e+00],\n",
      "       [ 7.1367000e-02,  9.8387142e-01, -1.6402186e-01, -2.6322000e+02],\n",
      "       [-1.4129000e-02,  1.6542186e-01,  9.8612142e-01, -1.5417000e+03],\n",
      "       [ 0.0000000e+00,  0.0000000e+00,  0.0000000e+00,  1.0000000e+00]]), array([[ 9.9735000e-01, -6.8059000e-02,  2.5707000e-02,  6.2400000e+00],\n",
      "       [ 7.1367000e-02,  9.8387142e-01, -1.6402186e-01, -2.6322000e+02],\n",
      "       [-1.4129000e-02,  1.6542186e-01,  9.8612142e-01, -1.5417000e+03],\n",
      "       [ 0.0000000e+00,  0.0000000e+00,  0.0000000e+00,  1.0000000e+00]]), array([[ 9.9730110e-01, -7.0773400e-02,  1.9506600e-02,  6.2400000e+00],\n",
      "       [ 7.3020120e-02,  9.8374806e-01, -1.6401520e-01, -2.6371000e+02],\n",
      "       [-7.5791600e-03,  1.6499712e-01,  9.8626200e-01, -1.5434300e+03],\n",
      "       [ 0.0000000e+00,  0.0000000e+00,  0.0000000e+00,  1.0000000e+00]]), array([[ 9.9730110e-01, -7.0773400e-02,  1.9506600e-02,  6.2400000e+00],\n",
      "       [ 7.3020120e-02,  9.8374806e-01, -1.6401520e-01, -2.6371000e+02],\n",
      "       [-7.5791600e-03,  1.6499712e-01,  9.8626200e-01, -1.5434300e+03],\n",
      "       [ 0.0000000e+00,  0.0000000e+00,  0.0000000e+00,  1.0000000e+00]]), array([[ 9.9730110e-01, -7.0773400e-02,  1.9506600e-02,  6.2400000e+00],\n",
      "       [ 7.3020120e-02,  9.8374806e-01, -1.6401520e-01, -2.6371000e+02],\n",
      "       [-7.5791600e-03,  1.6499712e-01,  9.8626200e-01, -1.5434300e+03],\n",
      "       [ 0.0000000e+00,  0.0000000e+00,  0.0000000e+00,  1.0000000e+00]]), array([[ 9.9737558e-01, -7.1422800e-02,  1.1853080e-02,  6.1700000e+00],\n",
      "       [ 7.2399600e-02,  9.8414166e-01, -1.6193220e-01, -2.6350000e+02],\n",
      "       [-9.8920000e-05,  1.6236540e-01,  9.8673008e-01, -1.5454300e+03],\n",
      "       [ 0.0000000e+00,  0.0000000e+00,  0.0000000e+00,  1.0000000e+00]]), array([[ 9.9737558e-01, -7.1422800e-02,  1.1853080e-02,  6.1700000e+00],\n",
      "       [ 7.2399600e-02,  9.8414166e-01, -1.6193220e-01, -2.6350000e+02],\n",
      "       [-9.8920000e-05,  1.6236540e-01,  9.8673008e-01, -1.5454300e+03],\n",
      "       [ 0.0000000e+00,  0.0000000e+00,  0.0000000e+00,  1.0000000e+00]]), array([[ 9.9737558e-01, -7.1422800e-02,  1.1853080e-02,  6.1700000e+00],\n",
      "       [ 7.2399600e-02,  9.8414166e-01, -1.6193220e-01, -2.6350000e+02],\n",
      "       [-9.8920000e-05,  1.6236540e-01,  9.8673008e-01, -1.5454300e+03],\n",
      "       [ 0.0000000e+00,  0.0000000e+00,  0.0000000e+00,  1.0000000e+00]]), array([[ 9.9765944e-01, -6.8261400e-02,  3.8850800e-03,  6.0500000e+00],\n",
      "       [ 6.8005080e-02,  9.8482870e-01, -1.5962994e-01, -2.6228000e+02],\n",
      "       [ 7.0726000e-03,  1.5952050e-01,  9.8716670e-01, -1.5474900e+03],\n",
      "       [ 0.0000000e+00,  0.0000000e+00,  0.0000000e+00,  1.0000000e+00]]), array([[ 9.9765944e-01, -6.8261400e-02,  3.8850800e-03,  6.0500000e+00],\n",
      "       [ 6.8005080e-02,  9.8482870e-01, -1.5962994e-01, -2.6228000e+02],\n",
      "       [ 7.0726000e-03,  1.5952050e-01,  9.8716670e-01, -1.5474900e+03],\n",
      "       [ 0.0000000e+00,  0.0000000e+00,  0.0000000e+00,  1.0000000e+00]]), array([[ 9.9765944e-01, -6.8261400e-02,  3.8850800e-03,  6.0500000e+00],\n",
      "       [ 6.8005080e-02,  9.8482870e-01, -1.5962994e-01, -2.6228000e+02],\n",
      "       [ 7.0726000e-03,  1.5952050e-01,  9.8716670e-01, -1.5474900e+03],\n",
      "       [ 0.0000000e+00,  0.0000000e+00,  0.0000000e+00,  1.0000000e+00]]), array([[ 9.9816198e-01, -6.0392780e-02, -5.0215200e-03,  5.8700000e+00],\n",
      "       [ 5.8740780e-02,  9.8456646e-01, -1.6485472e-01, -2.5987000e+02],\n",
      "       [ 1.4900480e-02,  1.6425672e-01,  9.8630448e-01, -1.5495300e+03],\n",
      "       [ 0.0000000e+00,  0.0000000e+00,  0.0000000e+00,  1.0000000e+00]]), array([[ 9.9816198e-01, -6.0392780e-02, -5.0215200e-03,  5.8700000e+00],\n",
      "       [ 5.8740780e-02,  9.8456646e-01, -1.6485472e-01, -2.5987000e+02],\n",
