# Stereo camera calibration report
# Generated by kinect-stereo-calib - MRPT at Tue Oct  8 21:31:52 2024
# (This file is loadable from rawlog-edit and other MRPT tools)
# ---------------------------------------------------------------------

# Left camera (IR/Depth in Kinect) calibration parameters (and 95% confidence intervals):
[CAMERA_PARAMS_LEFT]
resolution = [1920 1080]
cx         = 1072.978842  // +/- 0.005
cy         = 534.559879  // +/- 0.005
fx         = 2186.424308  // +/- 0.038
fy         = 2186.498256  // +/- 0.047
dist       = [-3.418511e-01 7.730551e-01 6.497119e-03 -8.188221e-04 1.023845e-01]    // The order is: [K1 K2 T1 T2 K3]

# Right camera (RGB in Kinect) calibration parameters  (and 95% confidence intervals):
[CAMERA_PARAMS_RIGHT]
resolution = [1920 1080]
cx         = 827.781112  // +/- 0.005
cy         = 513.218412  // +/- 0.005
fx         = 2195.597872  // +/- 0.039
fy         = 2188.954384  // +/- 0.047
dist       = [-3.218718e-01 6.806510e-01 9.340836e-03 3.233439e-03 4.616432e-01]    // The order is: [K1 K2 T1 T2 K3]

# Relative pose of the right camera wrt to the left camera:
# This assumes that both camera frames are such that +Z points
# forwards, and +X and +Y to the right and downwards.
[CAMERA_PARAMS_LEFT2RIGHT_POSE]
translation_only     = [-9.246545e-03 1.694760e-02 1.019931e-03]
rotation_matrix_only = [9.9992036592147e-01 6.8591990098130e-03 -1.0593073416825e-02 ;-7.0822630321401e-03 9.9975089860930e-01 -2.1165591894510e-02 ;1.0445255660540e-02 2.1238929324360e-02 9.9971986301931e-01 ]
pose_yaw_pitch_roll  = [-0.009247 0.016948 0.001020 -0.405809 -0.598480 1.217059]  // (YPR in degrees)
pose_quaternion      = [-0.009247 0.016948 0.001020 0.999924 0.010602 -0.005260 -0.003486]

# Info about calibration parameters:
[CALIB_METAINFO]
number_good_cheesboards = 95
average_reprojection_error = 2.670228 // RMSE pixels
cheesboard_nx = 10
cheesboard_ny = 7
cheesboard_square_size_x = 0.040000 // (m)
cheesboard_square_size_y = 0.040000 // (m)

