# Stereo camera calibration report
# Generated by kinect-stereo-calib - MRPT at Tue Oct  8 20:55:47 2024
# (This file is loadable from rawlog-edit and other MRPT tools)
# ---------------------------------------------------------------------

# Left camera (IR/Depth in Kinect) calibration parameters (and 95% confidence intervals):
[CAMERA_PARAMS_LEFT]
resolution = [1920 1080]
cx         = 1110.519220  // +/- 0.005
cy         = 212.547947  // +/- 0.005
fx         = 2722.888426  // +/- 0.050
fy         = 2678.405302  // +/- 0.035
dist       = [-2.296098e-01 -4.105443e-01 2.549432e-02 2.644401e-05 -1.038537e-02]    // The order is: [K1 K2 T1 T2 K3]

# Right camera (RGB in Kinect) calibration parameters  (and 95% confidence intervals):
[CAMERA_PARAMS_RIGHT]
resolution = [1920 1080]
cx         = 843.615368  // +/- 0.005
cy         = 153.523230  // +/- 0.005
fx         = 2737.755984  // +/- 0.051
fy         = 2673.341698  // +/- 0.031
dist       = [-1.961137e-01 -2.973746e-01 2.599527e-02 4.501003e-03 -3.215010e-03]    // The order is: [K1 K2 T1 T2 K3]

# Relative pose of the right camera wrt to the left camera:
# This assumes that both camera frames are such that +Z points
# forwards, and +X and +Y to the right and downwards.
[CAMERA_PARAMS_LEFT2RIGHT_POSE]
translation_only     = [-4.164204e-03 7.533424e-03 -3.205037e-03]
rotation_matrix_only = [9.9983110482153e-01 4.5789526372158e-03 -1.7798736587291e-02 ;-5.1111098572614e-03 9.9953776060498e-01 -2.9969012009077e-02 ;1.7653282623486e-02 3.0054921685463e-02 9.9939234702648e-01 ]
pose_yaw_pitch_roll  = [-0.004164 0.007533 -0.003205 -0.292892 -1.011511 1.722548]  // (YPR in degrees)
pose_quaternion      = [-0.004164 0.007533 -0.003205 0.999845 0.015008 -0.008864 -0.002423]

# Info about calibration parameters:
[CALIB_METAINFO]
number_good_cheesboards = 100
average_reprojection_error = 3.116180 // RMSE pixels
cheesboard_nx = 10
cheesboard_ny = 7
cheesboard_square_size_x = 0.020000 // (m)
cheesboard_square_size_y = 0.020000 // (m)

