%YAML 1.2
---
camera_matrix:
  cols: 3
  data: [1780.045564162327, 0, 1104.8607613903, 0, 1788.599745377104, 723.4499140154321, 0, 0, 1]
  rows: 3
camera_name: camera1
distortion_coefficients:
  cols: 0
  data: []
  rows: 0
distortion_model: none
focal_length_meters: 0
image_height: 1080
image_width: 1920
projection_matrix:
  cols: 4
  data: [1780.045564162327, 0, 1104.8607613903, 0, 0, 1788.599745377104, 723.4499140154321, 0, 0, 0, 1, 0]
  rows: 3
rectification_matrix:
  cols: 3
  data: [1, 0, 0, 0, 1, 0, 0, 0, 1]
  rows: 3
